0.2700595406248799
4.456787677764456
4.49886120047446
0.21525076475350485
0.7614991366522064
2.9083332781412117
2.362618888115306
0.2655943512335083
4.945563527425809
2.856916159213998
2.3404533935400225
4.9559305890964245
4.496996991891977
2.9125298334480663
2.3380058962473753
0.7959191200751407
2.894818632738662
4.982808236168546
4.4812001173087
2.869613527042823
2.8754231173899916
4.971537709935435
0.7963431360413883
4.949580435403828
2.861752134730016
2.3362710030153573
2.335411610428005
2.40666519776449
0.24475507915455286
4.924148560025835
4.489798449124634
0.738898829043127
2.3705189445241515
0.7525974418448445
4.437719896903271
5.003997384952313
2.383307461288426
0.7866372417250669
2.873986959990645
0.29293875329754526
2.3505563303763086
0.2579664337053002
4.47629208952381
4.4011263367599875
0.235928514364258
4.944086944937501
2.3639278666172774
2.859235092942793
0.8174425360417075
2.3999271933256456
0.7539429562060831
4.94901105841391
0.7577460004011587
0.7753635805453578
2.364597422608564
0.7330103320515744
0.27890632549113287
2.4080340153699686
4.454856586014735
2.8274051203805333
4.392851392965517
2.8829595000548194
4.914129439422419
2.383658094938674
2.3659182229281117
4.450202059402754
4.434024899175482
0.7549091089523041
4.418901557077438
2.38236235301686
0.2578051799729943
4.955128669532976
0.7440353933485251
0.7544346284349741
0.29023088995396545
2.365523925949915
0.23155800659540637
2.8323816319107666
2.858485543094099
0.25467552078644673
4.915150643067819
0.7707679366290834
2.828487942116259
2.860402027622217
2.8676017680955637
4.957781796603149
0.2908820859324145
2.381367379561568
0.7464362090550243
4.982378035849001
0.2701366531538609
2.8254707181897363
4.4605090830713845
4.451816498526407
0.29248225162604047
4.418836219657626
2.4056905830872766
4.94330852844401
2.894367805377675
4.483988001091719
2.8985147413117485
4.505708756295271
4.917592256085293
4.928460728195242
2.863825874239218
2.377985674450963
0.33147871268965295
0.7733352867246881
2.398317631853452
2.350965356849392
4.961366979516254
2.845852362412657
4.9529723116883835
4.972983258333188
4.966071706169724
2.3850927396447874
0.7494245245444988
2.890886051814463
2.8710848484888967
2.829252028847015
2.402966212248624
4.988108119627682
2.397719909440697
2.9062982177355687
2.871502612298605
2.422998437189843
2.351922285908701
2.394084900973395
2.3484668628790466
2.367591647253345
2.3467311040541072
2.8752001437716515
2.361271480478831
2.3827688940184832
4.436063788429887
4.965249941356319
4.965270539289517
2.4003105141814305
4.502242205715382
5.003700807600277
4.957809416013751
0.776588066232276
4.49738980245446
2.3946246774142717
4.920879722904942
2.881418929396319
0.708389278066869
0.31875996171611654
0.2705928254792768
0.24152262609763198
0.2909849651246518
2.8766895847062415
4.962696827722506
4.491137484520431
4.465012070515578
4.477932454208859
2.857362992736726
4.485882756853895
5.000896829774081
0.7538037068683601
4.450732262278375
2.3772091379622227
4.924234822001161
2.898240118856416
4.404423482205661
2.8120854843896
4.471089073467236
4.902667699538636
2.3864607595428433
0.2984387847974347
0.780351974363596
2.8631367236457455
4.453268417291377
0.7769136505949761
0.7504186223662115
2.384211511842566
2.8878057074770678
0.7918527619099962
4.472139234523506
4.483548792219045
0.33280867424155797
0.7561873672941466
2.8365681728514742
4.968293110499711
2.371563695350878
2.833007082098286
4.990504160982575
0.28605067606495865
4.921576505660107
4.99352351993728
4.946316118485812
2.35838497290215
4.981439513862977
0.806949065108914
0.295726873951769
5.0049631608926175
4.447442072063102
0.7897796036818854
0.2662383225385449
0.7646366199359207
2.833751642697295
4.980231479401021
0.24221283926297998
2.353185009745315
0.2541017333946308
4.96375103490265
0.7514564831412514
2.847307437971811
2.3782290363133827
0.302367522188178
2.8292543384893643
5.033078423010514
2.3930814277321355
0.7945489862362816
4.944350991830709
0.792883955821579
2.8315880636848374
2.8627031576876427
0.7799295880865507
2.834985988966182
4.4721292571814315
4.471613672956347
2.366226756463521
4.954950936918773
2.3489101695649035
2.8544207897277314
4.996017701535095
0.7937216415306152
4.958480702453178
4.967523746759098
2.3955743560512586
0.32471220161130887
5.0009067216927985
4.9672136539769545
4.9542806560193515
2.350040367547266
4.438199011846216
4.982061056969746
0.32322027620839666
4.970505053732928
4.952316346700098
0.7293617508112122
4.477937154477653
2.409678572005574
2.871407041894319
2.8829920822145865
4.970621818365439
2.8974939056476163
2.86200473936482
0.2852561290290417
2.374473940713449
4.9753084985527165
0.28089993246395256
0.3090229232677808
2.868971311696538
0.800353589626094
2.884801417082451
2.380779314173537
0.26863476006141623
4.517222907635611
2.809161562996676
4.4539163114460045
4.967648448083778
2.378642618101951
0.26937536084724745
2.8987770639672163
0.31824923186019394
0.2681801696950174
2.4220880348592786
4.450943314957144
4.9871457715201535
2.8478245188678564
0.24368270999772834
0.26697739516318614
2.882079494714594
2.861225083686469
0.2849250569732296
0.2696758147134963
4.949439598490418
0.2572505552887911
2.3627049385040215
2.402487060128337
2.3904679552273045
0.29856952683617444
0.7705226374485178
0.24980210240142853
4.959435784628048
2.7999348213585438
2.3858435277890266
2.4134598910819167
0.270560994350677
4.4937628526898115
2.3878583946147494
2.8438434025955424
4.9800460066971235
4.536502277617102
0.28137673860122164
0.319084656974864
2.3962637548672836
0.7241734427281095
2.8550200895893374
0.7453973853168826
4.934239912728601
2.4304724300374425
0.8123440909581467
2.8417795861544057
2.837689382359203
0.7553679512425109
2.3833586326816043
4.493974491543588
4.921601350279554
0.790611527950313
0.7527799909275881
4.428202794815562
2.829714021710166
2.3806060985294693
0.756393785040524
0.7377988708664681
2.8885196134001654
0.7199409780952641
0.3029571532058807
0.26513722988365734
2.8807144941105376
4.996522860960922
2.3818531161995855
4.996927482186741
2.340854888369306
0.28073583418810094
4.467634273999788
0.6908658785573505
0.7832914518800385
0.3100745710419939
0.7306588166293584
2.3788687257675623
2.8734938423948795
2.8374800865814613
0.7955009373310331
4.442634668387367
4.943489324742504
4.933954726249592
4.444178263823169
2.3998763073526166
0.7403172175267457
4.984757614537753
2.904233634449298
4.925344949340137
2.835589899726547
0.7085116133131024
0.2874362614115053
2.3696544721915367
0.7738295008680152
2.3972395671441737
4.944942332789741
2.854268947102363
4.4241380254562
4.475316810212217
0.7548956715640656
2.8467697166674317
2.8984611931896027
2.366291729635533
2.33686267369377
4.438476351307352
4.441101967339249
4.966449749401282
2.8677850745286797
4.4524181749993526
4.502437912840446
0.7629579530024295
4.959429195792458
0.7682221777140974
0.28302203362507433
4.495187162627785
4.93362104535772
2.8362976988596094
4.470096133691178
2.8807381394529803
2.3687495663178986
4.446592823083782
2.84883800702713
2.879653724931457
4.452548059721688
4.471392226482284
0.32246344066752297
2.8695502159917448
2.834113051229709
0.7558901551225534
4.9187922805802495
2.8333982310932173
2.884650467817105
0.7444973353130127
4.926666679272959
2.373857020490468
4.942567515542965
2.900630640754742
0.7723029791957792
4.484074949209454
0.2960332579230216
4.4161320712617815
2.3883468509697905
2.359123291312667
2.857862698522649
4.981095495166351
4.926206896513492
2.3932372156063555
4.949638312957053
4.978552351243073
0.2597238666492868
2.348700030450217
0.27322563816130613
4.440416016871293
4.452515013558917
0.8078195680705025
2.816852533448027
2.3738638517325934
4.44649203632213
2.800377894442236
4.440253729016476
2.392080632505291
0.7499071038356835
2.8934749668005315
0.28790412903094037
2.8398737224204202
2.4126103847647604
0.7863661179142767
4.908125284359941
0.7920367264575607
2.3661789117482197
2.880000954322762
2.3508933440187896
0.7743059617378791
4.976215014351418
0.3285852483992589
4.454784584651041
0.30419417217619454
0.3126997606910059
0.7511893473014184
4.496799595812616
0.7354471421099561
2.3764095298343695
2.3861554003776835
2.8592720532665274
0.26713377996375626
2.8493762819781794
0.2612088141758246
0.2498513215059407
4.49578735948084
4.987299853974337
0.7979178414832254
2.8999604447204343
0.7741789840202173
0.7503140154531234
2.3894775808003437
2.345550758540879
4.4682909682858725
2.8641730399433896
4.499512381562077
2.8696672152330795
2.419671520307107
2.8604967934936294
2.365945871328468
4.4696155004845055
2.348376326402461
2.3771161446190225
2.3574881738138966
2.903166797781192
4.47150837128877
0.2901369051646105
2.377145699224806
4.4587330142768735
2.8764247050785197
0.33168921127545664
2.9125254416473916
2.8822533629288367
4.948686462550619
4.467612823315535
4.485209718467223
0.2767434044335158
4.472115654986932
0.719862915497534
2.854681136625913
0.7506049773716155
0.25356815226981866
2.8737399006993747
0.7741390671976631
4.97120188506703
2.822834187998305
4.997531634148991
0.803685751207984
4.528139674413174
2.3236352557498887
0.274601297861687
0.8141061629777161
0.23106795967755378
4.965981035520136
0.25463637007753004
0.3312328986973521
0.33009331144860005
2.388728250826427
4.966033537051678
4.44265109673347
2.8655352756168297
2.373793861185774
0.7724371617869625
2.86838453407202
2.8439887372834964
4.4640122259394825
0.28534366256094185
0.7599790084212159
4.534740721872836
4.977278338633047
2.867788217174588
2.8441303976952264
0.29343735029846896
0.7651165221885479
2.4024549223129514
2.857797450419809
0.3107692031964989
0.7607297888259457
4.951658541941691
4.501202297370259
4.462387588998068
2.888552309838029
4.44887880615397
0.29548374237315367
0.7826255041567264
2.888230341432931
5.020815532856649
2.8786957448096095
4.508816874043329
4.475754146845515
2.895115103989022
4.953248919268469
0.7838771414115393
0.7859928413064974
0.2774856193343514
4.9459442791157455
2.3680866544099866
2.8632778664635303
4.9419414555654795
0.7950252578593677
2.433457881258491
4.969573718275921
2.3716091732924176
2.390316647877723
4.5206125428852575
0.2418024952643686
2.361429596729678
2.8365173427431154
4.984363011713842
4.939329214464238
2.9077536316203085
4.990832122232106
0.7819151624761649
4.469207546024009
0.281786872829973
4.44472074269762
0.7720599006836918
4.456294211873547
4.93590938697539
4.5009572769683395
4.482483633703785
4.956121052146063
2.8793131120280453
0.23766255642684142
0.2456036745715774
4.463520794167422
0.27695660582590703
2.8910655194096595
4.482532345073949
0.28389158663071484
0.27012765153662993
0.27557702831211767
0.7873208244519889
0.7895439636546475
2.8936936275784477
4.465928004241708
0.7884977167787528
2.863186418903987
4.460795001657725
4.96325202178685
4.935353527577918
2.3665615595355756
4.932368874692264
2.902798381032159
2.383881894293839
2.387054878877129
4.490336811308981
0.2669743464316704
0.7902156260404933
0.7635325732012032
2.817809707433077
2.8260514612657373
2.384110586613961
0.8032589284953873
2.8468164123678386
0.27714232695312374
2.3571690947087824
2.8808096838115476
0.7591774605910917
4.470041256632353
0.27829045605199726
4.46720529431022
4.435616932615713
2.337389825091145
2.8979695048132745
4.950717793372827
4.484463569136399
0.7462877592444579
4.952039119465311
2.8593417863460133
0.2934885120499088
0.2771156717051913
0.2762836481864284
4.500004532392376
4.45556228146787
2.8848623838560465
2.8490408302456327
4.448020386000701
4.9708845826015695
0.27767716093949885
4.472726657332154
4.466714065080125
4.500322783334764
2.883000856081893
4.998845745938894
0.2534553405396106
0.7642088859217507
2.8583354797798792
0.29158326631242965
0.2522322166560579
0.7587927112436712
2.326722828686893
2.3959492631786197
0.7605368108486246
2.8634408008215244
4.963791049909745
2.394840207333259
2.354198800117429
2.362462330559334
2.8509604167077964
4.530698877887561
4.478189832490372
4.432110374177989
2.9068318199383194
4.48615196547473
2.8537356050122775
2.358394365218988
2.8479753183500462
0.7500317024287566
4.931492363588405
0.7456013038889633
2.854830541695721
4.413369689168455
0.7802182373297522
0.7635585692505997
0.7288090218486816
0.2872980696962352
4.9824629841701285
4.507863616472702
2.844713239297193
0.28197412409823436
0.780622172121556
2.3968153676573807
4.473067686926631
4.995356242840084
4.919775317630172
2.8606884795557663
2.888779248709761
2.8432374122841257
4.976311838565346
4.945573777945004
0.7552527326150746
0.7305771390783652
0.7672434536239505
4.484062767163333
4.931706859421761
0.3140216133855692
4.494665718095811
0.2555280097659597
2.3533000828509896
4.49821054159135
4.955198178586976
4.473957343098557
4.4900375091385
4.95985685562649
4.456576012636085
4.961673813169286
4.942093212629563
0.7771132942301955
4.46542736558037
2.339451122402658
0.7973578992043373
0.7708359624635844
4.4600358548644765
0.28284258440947635
0.2792364399559704
0.2852425916384305
2.4118700015793584
0.26462082880386556
2.8632401360811093
0.7459469803382286
4.438408715379388
4.943539164616423
4.466548957350262
2.8592608501497683
2.3489745643389712
2.3571939043638097
2.416267261940234
2.896297051067247
2.904426125639756
0.7645031963987968
0.3145622318580833
4.460840484432751
2.8892223108908826
4.957913875078412
4.9172177904584755
2.866790182510417
2.860247154649713
4.968522551910275
4.928666789569512
0.7456297123990214
0.7736041893870872
4.512374577522497
2.3384215140838345
2.8338312158405246
0.33238679971460977
4.445868558633347
0.7089266718852683
4.936215326326679
2.389317993567445
0.7681645003126404
4.98822690768443
0.2625693290215087
2.876388681017094
4.949360911336128
2.362475671395629
0.24712273310539257
0.7337783184496495
0.8027909086222633
0.3293559818928689
2.842848333851766
0.29310553811343937
2.8531587727662013
4.465399122462701
4.476501539379395
0.8197282854906811
0.2935216029834663
0.2921630284550464
2.392023491935441
4.463320125349597
4.497291900762676
4.415689276284573
2.3284287743046876
4.464813290955885
2.853347335784547
0.27857515560913976
4.440487073229968
4.939344227995565
2.3432570901619414
0.778207837523409
4.469111269220827
2.363314353693354
4.465090933589266
2.817669301487568
4.997542124428631
0.792455588659152
4.9447995895943535
4.986697130221093
2.4092420358689166
4.484263779822466
4.975019231070175
4.49466308541001
2.878810140632825
0.7814122756364565
4.463522565724198
2.3984472605730986
4.9665820804596
0.7219443560360439
4.975451820058838
2.8718195304745104
4.482420387181113
0.7680897040870778
0.30568870989824204
0.22515383460664368
2.363642071650113
0.7694217696991403
2.3497711682983273
0.7986845030403995
4.4513309364783105
4.982887834833333
0.25676176527661115
4.47425291553515
4.497988801584685
0.29202674124248473
2.8931427076646377
4.953894294584507
4.442851066967599
0.30348317705308203
2.3969410562139513
4.964697675744615
0.7738244643111449
0.29880203440852127
4.983721859088389
2.366348743764648
2.8420931598071872
4.940706827400898
0.248712057494764
4.994263327942688
0.7418236051927751
0.2849002710856156
0.27878280997577537
4.42750383075822
4.962963056288523
2.354520913394586
0.27175772666783987
4.45596296774595
0.2821860100780183
0.7744094734612005
4.955484869873178
0.7448898292972614
4.463914369023203
0.7510018242998733
0.7585664356934603
2.8612123221796035
4.998845375069746
4.484895841038368
2.838783807264683
4.467614145443593
2.8827363803855444
2.8263822601196775
2.8304065306136534
0.2546891262500549
4.444920788482236
2.3864612702045833
2.346127686463259
2.3376490906979095
4.9462120105666285
2.8605755599026703
2.873734650984763
0.25527397928500906
4.973529951104761
0.7880329060968214
0.7584127381070818
2.8215836698193253
0.7187087247858557
2.376205455156322
2.3744366505071506
4.959475205924021
0.2867291669106807
0.786430464965901
2.3692062918425023
4.451085050148412
2.8473156764864083
2.398985379864578
0.29021622974685407
4.976391327770758
2.372519961024048
2.3765155291950633
2.8559692948784297
0.26480511857067784
2.360965567462089
0.24443450578857562
4.481488762908189
0.26624211550153476
0.7736499326910345
0.7747088849796842
0.3235558234913851
4.966100130043078
0.8016014014307098
0.23156150629205796
0.29898510463260897
0.726675310571804
2.3370043978481556
2.85719600494051
2.3537512317871787
4.473395241022766
0.8114348557762933
4.480481892162496
0.3402440180551833
0.23723184964942912
4.987321876729802
0.2971612296642393
4.481376636660159
4.978893612231083
4.5045784606030415
0.7985314699643258
2.3833810958121324
0.7377345006490927
0.7983957489923528
5.010617822769364
4.449320670998293
2.358262610600224
0.7790509896071938
2.410010238598323
2.3696454099975397
0.7772259312157735
0.27869328334031357
2.3631180726799403
2.4198072905861405
0.7415185947635279
0.2659624969791496
4.476586908945374
2.4049526444908005
2.3644661153991238
0.7366226600016472
4.430912585345051
0.28337218007806936
4.492727374436649
4.4737709211487235
0.2926370871730791
4.491242674498127
4.92340721776322
4.946561259174046
4.444954356314124
2.4145601386141737
4.964614979924279
4.4319336833644
2.8634921807676164
4.944040146605842
4.998457031306336
2.374172897875389
0.29242329832019076
0.7848488554794482
4.9509992437611166
4.922254855005622
2.922186111961834
4.460798385031087
4.9194617524604904
0.30507227323411146
2.8643576333791407
2.388424556765303
2.420375502917106
4.440094068336671
0.7535743397854577
4.919110744992253
2.8601073719076897
0.7770948588419648
5.0112561120323855
0.27739938853961027
2.3959603666752405
0.29112321180377576
4.480432218344819
0.27667011233105326
0.78416014488971
2.853284845435969
0.7310427210614483
2.8377852138288198
0.7404748955168291
0.7778188524050682
4.473396771387662
4.933219901700848
2.356024977758632
0.2705578290511232
2.8782122278585405
2.3745234375143354
2.8611945722462475
0.7639916902394686
4.981088149370566
0.7560346899558883
2.3988955853614224
4.925138977304252
0.2700745738874232
0.7613474876106916
4.461272376641017
2.8505332779458827
4.893694130082352
0.7564143246688054
4.900113865755353
2.3752762875153532
0.7979245256305809
2.3580041181150984
0.7593264180165284
2.863031643199843
0.24883733677434183
0.2652744882120624
2.3904129960476848
0.29826133848796355
0.7533963757435838
2.884511836594914
4.430798904007772
4.4759698725417225
2.831920412273387
2.3806310429224564
4.961304257261144
0.7580394382758531
2.844951696915638
4.499885867023929
4.465055947600006
4.9624316793020125
4.975113212882086
0.29438829855614623
2.344113729663419
2.8589675863614348
0.7633022244164196
2.34065783461369
4.5143810063973335
0.7954718749763929
0.31067233355879376
0.2836396418665898
4.948571520214525
4.492106960091452
2.797270502470679
0.7890175287587626
4.451286865195822
4.463158633902231
2.8890018551695484
0.22821855369066646
0.30489905290770347
4.963758511177652
4.448023017409737
0.31713840017845374
2.892862804735916
2.3765941770533923
4.986894243179176
4.439040235410594
4.489663105331231
2.3609756637588344
4.496179859146223
2.398958822500015
2.387087811347629
0.2524858871121457
4.962929840783309
0.7743462269174377
4.9625865958667434
4.4466804310453805
4.489562287835146
0.27744713563489326
4.516311873533331
2.8353729977724997
4.961330796768363
2.3622107475874485
2.847937855696315
5.022834924743308
0.30969727050994644
4.439788199505923
0.7834401906838135
4.456736511412301
2.868031622364146
4.478177521138039
2.3556388097343817
4.409478034658394
0.2875912372430935
2.855909230469892
4.474353533936138
2.8220469941787596
2.357471248144191
2.3828962048152964
0.2836995921344197
4.457651108093853
2.365875808659121
2.321658467269846
2.324251308618995
0.2736387375187537
2.387574327220966
2.3996534454159764
4.455988683440796
0.23658105005313668
4.461651669123118
2.37223862840673
2.3981267389960768
4.46999970230601
0.7283968651328074
2.357824232108588
4.911861393787329
2.367791905550021
4.981021491994941
4.919550128213181
0.24834509181542164
0.30139014413480736
4.440383023696224
4.490290893672166
2.3650224565999647
0.244642380807096
0.29053247241118335
0.27746296610675986
0.7970784717505697
0.2963399636107505
0.7818916656851302
2.836525500276019
4.4911167450790686
4.959041668070567
4.437517730068708
2.394511082003055
4.464791102942318
0.7522940580086654
2.3760889422795626
2.3702551690045315
4.948906887318427
0.31741780184843194
0.7797700573276019
0.7560079760072052
4.510518383505912
2.818342165164438
0.7577307340443056
2.8392754458022513
4.9511654262455655
2.342722535568977
2.8701455633730566
4.988762949240173
0.7420014198905622
4.9349603847652395
0.28373722429192355
0.7690399975129331
0.300887243806733
4.940789869258952
2.870731274604409
0.762123048663012
4.490976388855517
4.97508521625983
0.7409896548444609
4.974612189375257
2.8115671107558313
0.7769000569363349
2.8582786838288965
2.3533706179708647
2.8469609329199095
2.3698301462746065
0.7699027249105603
0.7917797184565669
2.37371280892823
2.877543800658941
0.7874238579435169
2.3662689895405524
2.829120689125514
0.28191038999976886
4.476967042608432
2.875995748266876
0.3369047168904604
0.7688204445533399
0.8318245883348947
0.2434019796705359
4.934298228873259
0.2914737611493759
0.32990834813821995
0.7893677302251441
2.890649801371825
0.7184900237369407
2.8749323227996637
0.7161695648376238
4.474229851322514
0.2620918056590328
0.7697241199987843
2.3435609367575982
0.7596327514375545
2.8731548329266885
2.374883682042695
0.2606121359302806
2.338629732716853
2.8781824277458288
4.998478625437458
4.891527556481149
2.860352371633166
0.758575620736148
0.788658644757936
4.962285306413705
2.9049220616288562
0.28386222164614877
2.9082653164198695
0.3261261174023689
0.8231881513757495
4.495198067415646
2.8271519614232794
4.443369737744072
2.8604136159951596
2.3246799334592687
0.2878000458857252
2.3680454409252
0.27698653566791626
2.3836789703095724
0.7792476288855834
4.50131499668368
4.952518803249614
4.518783246830869
4.985506305963989
2.871760527867662
0.24483821055923027
4.506948145114328
2.3479795588501893
0.8010175306941398
0.7690507281937657
4.50153539988755
0.7550228989174976
2.367589723995795
2.373748070313512
0.7339877826783614
2.3757636420416777
4.941595278915754
2.857764506999555
0.2790871734381471
2.3743698957057493
2.8626034369566074
4.981144735828458
0.29590227292895366
2.799011864206318
4.985524651551481
0.7772803252711844
0.27567656419786485
0.7509148192424886
0.2427415943382979
2.3700954554209335
0.24923862166881794
4.973542733743931
0.78325854317869
2.8887014301048404
0.7323657896898182
4.4932414550877136
4.934011471131489
4.455613196625996
2.851088059838889
4.437923724739786
2.8507349478284723
0.28645518520011687
0.7906786004283266
4.445017272517571
2.850057086848495
2.4241691523627042
4.955403770802646
2.351303748775136
2.383207106341843
2.364221494457444
2.8683123623422513
4.442186496109807
2.3794710238693604
4.995886306648599
2.8364139723225814
0.3075114284265772
0.7756778796323909
4.960756824364217
2.3827155926841908
2.887805669667307
2.371082906851564
4.464438400952658
0.8049862304122503
2.8711635426505926
0.7744340051077057
0.7391026280599857
4.928051433164755
2.3522188940543223
0.29012740122370634
2.3446372262896387
2.836478534185408
0.28481112285217386
4.483990332699176
2.361134840579649
4.96629607989233
4.45525549065129
2.4087552690523903
2.3562884035821914
2.864546609092893
2.8844108343320842
2.392063496378029
2.870068487244263
2.378366646393949
4.440429544294111
0.7850098790225508
4.4989445607034355
2.372749112385832
2.946993842450209
2.8647624781947876
2.4020078039852812
0.259714128324002
0.7686576288499936
0.23706196103586363
0.26848177527077344
0.2797454728546637
0.7962983836262998
0.7779885176435106
0.3195771192806238
0.31180385390500465
0.789969774001827
4.965468795417551
0.2723096610752283
4.969546358550456
2.8436115850583317
2.374069079623774
4.500752896778188
4.49349427094565
4.950636238321684
0.7660231235383478
4.456139353984895
0.28927349110347994
0.24425239036517488
0.24064863485916343
4.4876922243004715
0.28318194177943085
4.972847380327721
4.940937575453911
0.7559877795748696
2.3867983921874067
2.3403680282176067
2.8851895990111904
0.33404132946949533
0.7881049861862792
2.390448302022962
2.374969040231859
2.851042024071861
4.886407427207048
4.906540053040815
0.24411173255649532
0.32258191039556294
4.511052339188297
2.399308145178404
0.314901175478731
2.3678465671638653
4.97888763094251
4.438240167707699
0.31599703831676784
2.798464893879152
0.2748209244708644
0.29748655895371223
0.7229170983976545
2.33516275942453
4.465491316002127
2.8835430769292967
4.990599823482537
4.476848621001819
2.8834934240343886
0.2941533737592895
0.2994405286445142
4.453690767122355
2.888822213154063
2.4026911423002453
0.30295703955644304
2.3447591901831872
0.29781406465394916
4.92413355480715
0.7759926518133708
0.25232447434462835
4.891742278389191
2.418857855577213
0.7629066765763601
4.969075684686209
4.9398014481307655
0.2589917588008161
4.460901243600021
0.7074883104136749
0.22666351994607825
2.841263787811329
0.28018362041331774
2.3932882138089053
0.2747526575345463
4.456875391215593
2.3638952248209715
2.846334238635447
2.3474666863450677
4.9775876131579055
0.7261758371260252
2.8431189125389635
2.382896545619523
4.975735685810064
0.759793023734489
0.7158727831667051
2.8399697769648617
4.895796357598149
4.9762625511692375
2.344283670365792
0.22708405875556892
4.95728582061603
2.382960063910333
0.24960524503090664
2.899994016870173
4.456773307717068
4.96246831675748
4.963478174841936
4.952992725050414
2.4240977058337636
2.8246293156364586
0.3265285868051829
0.31306775607893955
2.8574898403004663
4.495544348880159
2.8681183647562163
2.3596330718032785
4.492643794794275
4.916531547295892
4.961577136863804
4.451749970757592
4.98510190532264
2.381441136376148
2.3739024735286707
4.967980737074405
4.428261916089127
2.393599039122408
2.362995798359759
4.959139916873367
2.3559820532586717
4.950209297617124
4.9881304158644415
2.903930452805426
2.3613309110483125
0.2719177187219712
2.8126835827440004
4.950607659194426
4.486249299037279
4.474623495352806
4.991618491999141
4.963911896184255
2.394378532403299
0.2783396964112859
0.2919250112505264
0.250628508095046
0.2741647853375771
2.875967565122822
4.47138264955514
4.456969383443047
4.971289917443202
4.968653307421215
2.352134427902727
0.31474535442605955
2.8585727192419483
0.7795211579144017
5.004108475327866
2.842466457191205
0.28098887514331355
4.460059780794079
0.7829082526939553
0.7667654778408477
4.967312813146495
0.7783947000004537
2.3628095130072415
2.8256720264045008
2.92034169448735
0.30737575050224963
2.3895273294894386
0.26094197466988084
4.979519502449677
4.964049165066257
2.8878772176096565
2.367834010485398
0.2941458306720265
4.51499622153395
0.7609373249132307
0.7922620975275454
0.2788830131863183
4.942820696365956
0.7574928647781054
2.845685053811125
0.7977042708459035
4.951843124566034
4.97042735043813
2.3520197789202277
0.2723358287510486
2.831640802036821
2.873617748802218
0.27779689227270116
0.28150008023620215
0.7975781992447006
0.28895559276640054
4.946357917249385
4.92194626511018
2.3655493341434086
0.7890869223667929
2.3512911271119843
2.404237173632622
2.8280899412645093
0.296988544399292
4.969120833437193
4.931332715587964
2.3785367536870994
4.939025867011046
4.919360320812429
4.941957619390576
4.443049202024104
4.951362664135884
2.910594528209972
0.8005547123599658
2.909621529733969
0.752591749206057
4.438477392806993
0.7644411073279911
4.4739163864574465
4.9825915660281135
0.7639250728156948
2.36765975442689
2.3654735425212015
2.8592767687479426
4.959105487691857
2.850833192646354
2.397481634940388
4.451754857504883
4.4883859237823645
4.489083426449441
4.462159759627684
0.7538343696092829
2.3813839053093746
5.007545249748134
0.7560700198733377
4.9393797704129465
0.7689024957488346
0.2454793927784058
0.7643067369550731
4.4643265373312015
2.3319100878121497
0.28923768806610944
0.7596700283904554
4.934388167262235
4.978995955647344
2.8648976039139593
0.2360700441768821
2.3848543515286176
4.496775698988587
0.27808454549414213
4.457876693151616
2.8311399624349045
4.493300383556423
2.8421237969761015
0.2367218067638024
4.448664148711566
4.495700873906782
0.28999862261653636
0.28389140123064655
2.357207213071418
4.984440396833888
2.860584700779549
4.5215777591294914
2.8607563723400564
2.4084306195327403
4.971320924179957
0.7701909824313066
4.9613497069996555
2.855428080542509
2.874698173049649
4.447768213030847
4.481003249503539
4.998183653930423
0.26586418219470026
4.955399894541433
0.7831012321957149
2.378760472202487
2.857601951381768
2.3468572518956523
0.79025987867016
2.8830951838055277
4.955843772906361
2.3382036736790197
0.26714788533745243
2.3764560951494693
0.2603087534409713
0.2648302994637261
2.8523766678090565
4.9054913480838875
2.3509316886674734
0.775382124245054
4.927542918926726
2.8643147936011686
4.944063697134634
2.8514223583112237
2.8441668205090105
2.3653915433444426
4.935498415931227
2.387498055532172
2.363699232405924
2.8495625114502503
2.4106921323335335
2.853763395754097
0.23334301942164815
4.4232471759418415
4.8881827152939925
2.3681624819108995
2.8585425307453027
0.7619997277093029
0.7557790103490631
2.3431356374235977
2.3261849451239236
2.3827158912300517
0.7324327876534138
2.8418684119328685
4.964808085215471
4.423406599958074
2.369375305589831
2.3891588980314222
0.26858095247888175
2.3581942367086843
4.49352856799753
4.964959032633115
4.418764209358281
4.526618214180741
0.28652906820959284
2.336454774764295
2.388851706820319
0.7805153182681759
4.4437153053775225
4.965343078850017
5.026177231737943
0.7795971150430154
0.7210215004153855
4.507700097463366
2.8330053733264964
0.7573039632576566
2.417493684145987
4.451449254944134
2.4212585999361145
2.369081934423811
0.24285823110406268
4.938899718688212
0.2826303308480848
2.404036533461042
0.3222260078554582
2.8535595068696042
0.319456883178586
0.7358453229718762
5.007103439670904
0.7344561627525279
4.992812385666046
4.478227066121853
2.863938377728845
0.3251874557934903
2.859331333658792
0.7758606667354134
0.7582097480853951
0.7642710705762014
2.8517272949627404
2.895668462217391
0.28388943205466216
0.28095829472807093
0.2666099798477993
4.489373063038298
0.7715414121566524
2.8371290530669264
2.366502751296366
4.484865486481291
0.28387061099826166
4.9904278178177846
0.2509039953843535
0.7573530810580167
0.7915771312227788
4.956405098013726
0.2599932618704132
2.8096748449243734
0.30028482013527447
4.422744322985563
0.2877401456414354
2.360023368521868
4.969548639653768
2.8685707299031056
2.8712454661371116
2.3655315413236004
2.854230514365125
0.2843977599028889
0.7363720618781238
4.934753184444911
2.3385338150348183
0.7607656549368473
2.830049954578885
4.44920973552853
2.848101347629842
0.2793900592447926
2.885877655413439
4.402640727999857
2.7962150840445013
0.2780460763227675
4.44572056040001
5.006710067221146
0.7832658601834928
2.346108488329838
4.837527180625018
4.934747474623347
2.861154191011742
0.2721181275065582
0.24480437164255475
4.445746996160698
2.364660083618799
2.8846890538741845
4.974265898033491
2.874335802378754
0.2649729433033184
0.2672861135480221
2.408057668450624
2.8568525584935394
0.7778053458420082
0.32491940736784664
0.7882951471855837
2.4013898115962764
4.483420736078714
2.3430518421676165
4.965592192851186
2.8175933679483873
0.7369678299592164
2.3884681293892704
4.408549118233352
4.913309163675405
0.7413502443316112
0.24638155999596956
4.967106336456014
0.7383960007698326
2.875208873206001
0.7481495570980743
0.294524091011955
4.485030355255334
4.450870684081349
0.2563413109848342
4.912431281473193
2.8751717100560636
4.458942334737618
4.947581402885712
2.8644862776248727
4.438566025628139
2.390037018161419
2.8557648089236847
0.7545776006276113
4.9450960118134875
2.8203340038361966
4.969959076270161
2.875447467910515
2.3764530774748045
2.389208075056907
2.36533665533876
2.3794586146318006
2.864932638008757
2.8515467203853735
2.4294589791220282
2.8533880196828996
0.3015872892061161
2.851498498254405
2.3165024467111297
2.362903889610497
0.7467004850217904
0.2655456737493271
2.9059531449883087
2.876238721132675
2.343548284935103
4.467763091505291
4.9576705125126965
2.8754628669761892
4.95845368707097
4.510913373724366
4.529965068262802
4.973580202326541
0.7768765885958286
4.91216199496886
4.969900206981625
2.396660232818898
4.923317607964593
2.874923241951962
2.837170846542055
5.010825667407308
2.359968990024716
2.4055401255249427
4.487413796413332
4.43994168446422
0.23557091488921222
2.837533149972442
0.7672722514907373
2.3628742169130073
4.440320821790274
4.472719525041579
4.950707744966244
4.462817424605342
2.4233380005577136
0.7791984692579368
4.961580111983134
4.480791902365663
0.7631084077728714
0.7597159145753831
2.378326208264477
2.8842835241868836
4.452635180723484
4.948368614362913
0.27723521498035636
0.7715684929778899
2.8737262895574087
4.471449530687525
4.443791304956046
2.80632540792007
0.2630716453056758
0.7945582796108277
2.8677176763136916
0.7679814182517033
0.7626918117470756
2.8451665645091833
4.945968862174945
0.7907024192706864
0.7899909495384692
2.8238512166133787
0.24261263776597952
2.425052125091373
2.3818814676505573
2.359618804626081
4.468961355799467
4.980250157829416
4.9985772157038575
0.320818223169395
2.348277841792565
4.939001596386867
4.953795098324016
4.960313449597277
0.25102507256597495
0.7419178899301788
2.3543118541951764
0.7766525818991826
2.845876267114718
0.8053256411395486
2.8815778318483214
4.951512056047148
0.2686643041645215
0.2936658630562624
0.7266519460976331
4.443936541827517
4.431856425836404
2.838678997956973
2.3855563675190643
4.473010478879519
4.492896729517931
0.23744866197178782
0.7726008967574209
0.7088342537119585
4.969952635176164
0.7947531445654659
0.8221602622137325
4.47292412459963
4.966129169001797
0.7838239582840327
4.475367655237108
2.8631576029780694
4.444514268693175
0.7998562532512088
0.772696443138961
4.949806519085898
2.8902249012128247
4.512821786616261
0.27334496321492024
0.31781081718879456
2.3790792005788064
2.417115396663327
2.356203197734257
0.2779284498094698
2.3550400860398057
0.7685989130483658
0.737828166809319
4.512231886036633
4.513030313754801
4.451285294950297
4.987617155147928
4.974350755414379
0.2584124104476954
2.4013032423351683
0.776074373276058
2.3619541519217524
2.3394739830779354
4.95391289896058
2.831445379923338
0.3431007211035671
2.8389123262985936
0.7769442307549373
2.87470466649919
0.2566320840792164
2.3471356189163766
0.256145073931153
0.3089545672571039
2.910591603705365
4.4599042868428125
2.3771391088471803
0.7773034657320654
4.964145270201249
4.96152954142155
0.27090391590890667
2.3123379465930336
0.26657524725216936
0.7415117846605208
4.964776230911391
0.305966123009768
0.2903780486034407
0.7247607818962607
2.371054781127551
0.7936288263420861
0.7670982977671628
0.28319624388128567
0.30011955835824067
4.941144048779967
4.447466558915774
2.8734116369910154
0.2740544153908307
0.7792779480278385
0.7995466764929162
0.7526332680539856
2.8581907187998286
2.8811365705243572
4.470197576188147
0.7396115770056501
2.8426692066791404
0.7686274430413993
0.7789115089888703
0.7416889532714026
2.3755135540119108
2.8649732572429794
2.409850267724439
0.3147690559341835
0.32234100416321254
4.449909827357567
0.3436041798643528
2.366450063167031
2.3784696587971172
0.7400121995464526
0.7462064493034504
0.7378703423933471
2.8613667600861756
0.24057994517546588
2.377259852071303
2.368424009060004
4.433980298180301
2.84431435087403
0.3020029229298076
4.429562100782131
0.28848935788829305
4.455047988009193
0.2522431970477017
0.31049988833216213
2.888963539184906
0.7993985486298614
0.7201302209025091
2.3981768908792844
0.7525347747208927
2.3889957834421347
4.479474918351774
2.8532659753686787
2.3343877886717137
0.2535019195802778
4.957936788452648
4.485621007787448
0.26696149347488535
2.8395208865978923
4.992573970078699
0.28792872698918476
0.26647872694633373
2.865793593859142
4.9247600398894065
5.017040267236439
4.421710614975328
2.842573707651219
2.829865748859345
0.7673417937098195
0.24220363069797968
0.761739666883559
0.2381407515269205
4.446454869483584
0.3179015406932203
2.8468369937087177
0.7527805070485729
4.466949319819919
2.3405080435181276
0.7812255648423696
4.92830138030703
0.27926463808273067
4.484011215223048
0.7860245265509653
2.367071245000175
0.30944421370766106
0.2638547027563957
4.987906271010246
0.3292992021541044
2.403702278976482
0.26335357757044886
2.826671434895731
2.3821541034362324
4.491243709477206
0.2654635441094994
2.4065010500445725
2.870679071560252
0.2752915525869373
2.850940273028543
0.7571355356947371
0.7846474363794993
4.492835065742468
2.3997062587920928
4.531833263042629
0.24456321330419428
0.7402326261999943
2.372158833317891
2.8606965231777894
4.477742275818821
2.3830848790754855
4.439175974963102
4.932987686661929
4.949884352772323
0.739239611366272
2.858937325754423
4.939238471827293
0.7526904100999579
0.28788895730230873
0.7536056421192157
2.8307232068783676
2.3436521525074303
2.4150727746121654
2.407565347409182
0.735787432188379
2.408458753839935
4.980252691886949
4.971013001855713
2.8506404921462978
0.7533956692345813
2.3682818589000814
2.3733441204921673
0.7629756069783158
0.7611528465721836
4.471638098069686
5.010552359710522
4.505193540918696
4.887780628480712
2.8821653942078953
0.3033694934061779
0.2663965698277694
2.439636973469235
0.7521308143347052
4.484330882214216
4.451956374162661
2.86348354741697
0.7904993489715351
0.2620745616451032
2.8891970376947174
2.8434783045439107
0.7517444071866259
2.35764764373965
4.937382279863482
0.3034770402673713
2.376817793182194
0.7525765109980633
4.488917774445779
0.2843148329399701
4.488099029742084
4.992827004103822
0.3065370419620882
0.30949271080584806
4.476291533191897
2.862369585091645
0.729569448315468
4.502381742860809
2.394032579747519
4.977432461305287
0.7669836028673804
2.411419404948016
0.2806086330792818
4.41720736875445
4.440347072025382
0.32804225999641284
0.28261356032020984
4.95157701199277
0.7817242027156033
2.3969888509435027
4.494793387748695
4.931531594716924
0.29822010154182055
0.8024126583808682
4.5121501632035
2.8672399239171225
4.946588230661254
4.435328421370614
4.963872593420662
0.7280261946085516
0.31955477674737853
0.3160466117109956
0.7462884137310029
2.378579584224342
0.781043806224202
0.2498181804339118
2.8505009691252203
2.8732745246456335
2.8357525951699554
2.3654304602221345
4.46568464096689
4.438188548336303
2.38816956195539
0.7685369508733881
2.38746407158185
2.4484941551001613
0.7863256925626076
0.2734613150142274
2.3864215700502402
2.8487223306935
0.7778423738969447
2.314357771533073
2.347013579221846
0.7292975190969286
0.3052909375353364
4.432377179440637
0.786595557733909
0.2753987659151527
2.8817983041150104
2.8424523737748033
0.81453599232581
0.7392251728320384
0.7366089570982739
4.447470112217582
0.2758349831039854
0.2870542513327626
2.369741559772965
2.350194777363385
0.2823030338649742
2.359159965525926
2.889000297920615
4.960876873793926
0.8235795637487238
0.2845856426630316
2.889504080398636
2.3694474362031004
0.2919065071853778
2.8768598748663585
0.7615919727523939
2.8484471107371987
4.428725131195328
4.495994620759323
4.429382082683867
4.971667701756753
4.926429098986818
4.971150753337078
0.2715432416750076
2.3505282825153224
2.869428984508572
4.470451342034461
2.8590139257183202
4.425863028066962
2.35654954027434
2.3816765895180567
2.3700239523785407
2.3627495571184576
4.496699305915015
0.27384812639165196
4.479097785154487
0.3173346457549684
4.952980490106037
4.957464869875308
0.3283194376336906
4.450335860409138
0.29098197810970794
2.3949336128891514
4.912941572103715
0.7703563586273792
0.2621856273265443
2.3604926072581707
4.453200371054333
4.479594402303748
4.952665053502056
4.993517032279478
2.8636324114295553
4.466420950745904
2.4220225541181333
0.2830234225738369
2.825273888000058
0.28771959696356525
4.523772952265497
2.366765283692219
0.30558200574629946
4.466837498113826
4.49942682750457
2.356638489301302
4.976848252080267
0.3067212984808275
2.8906077972988564
4.456310798726032
0.2581850107859884
0.29672425090730903
4.929352470591811
4.951010453774295
4.4873646028327965
0.81017978629304
2.383728744265017
0.21666799286577082
4.946264128508153
2.835953694902823
4.423580836281393
4.49852230684608
2.384423694890267
2.8724920642219036
4.445344217688908
0.2652780096435114
2.3848055175423957
4.9157050827915665
2.3302471952330044
0.2822781556779029
2.4139342014932335
4.9740742973745276
0.8133669604731129
0.8137485723693167
2.858618655369792
4.467964540610024
2.8625230970097157
2.33593752591554
0.3185336236967604
2.812148675294081
4.409812790085285
2.3746342230249464
2.3730624651208827
0.7914354554738408
2.392212168724074
0.7926466317146634
4.927945856127471
4.41470796978706
0.8217785279643923
4.925332451304395
2.406238710878941
4.478139985064079
0.24972603064170518
2.3389374920539967
2.3309409475231595
0.27689715941669407
2.391817710908567
2.3975150934149876
0.8219300009184716
2.8876192925904025
2.3209744932718546
0.7567782663151301
0.74617683742768
2.9013936586645572
2.857886379015368
2.402687485593793
4.481980860867932
0.7594981334143542
2.314256315942115
2.8832067946199174
4.989318408701403
0.2834384517906812
2.355133360748936
0.28889112235861486
2.8578656219247436
4.476876029781477
0.32503579176340736
4.495282727382128
0.28001586699024056
2.3899202700186324
4.507619110374109
2.418026889940221
2.847347761982839
4.956947348714301
2.8832246096158136
4.946124287063846
2.386632222715669
4.525407041173092
0.7691046559022966
4.519156663819965
2.872924600645161
0.24467002303030416
4.93677330829865
2.8790235780920628
4.484264523407301
0.29450138359359
2.363873017849735
0.29023982990876945
4.962933867321906
0.2745459438171088
4.444392366708378
0.29150573960287984
0.7676394358832883
0.25222368113895943
4.4399953046187735
4.469685821356059
4.9979828678195775
2.8143056756595057
0.7578451970593831
2.85928972034601
2.345281276329364
2.391947088058283
4.9926478432546775
4.497921650466807
0.7779088680437922
4.939668278732311
2.87469323299849
2.3512097864348407
2.8904844220263044
0.7437079779910944
4.486965458469328
2.9224054607457495
0.8074441325284263
2.868375922048506
0.7651405129205133
2.8032931350871313
2.3432349105028476
4.4812808273169304
0.2288934533190916
0.7770578684356462
4.961979430336608
0.7871549254168247
0.7151380814269583
4.489549331754087
2.3522398460360976
4.9483534254825985
2.842921544170123
4.456882283294875
0.7793716716043737
4.9386161300616545
2.349175898690529
2.382941519636171
0.7794903549666237
4.457763174630701
4.995295441852364
2.8530952819959725
0.7827698271168375
0.25717823347650465
2.3429880126793146
4.9419085777327325
2.8563186940497918
2.793515191206962
0.7676871180490363
0.7302404463155132
0.26320113174386794
0.7323433672534351
4.475161005831655
4.932330581187262
0.2820232468209363
4.917499770361091
4.52725831936968
5.001815452301348
2.350125935944866
0.2504544338185237
4.468605819280563
4.515744696358431
2.3520185567474394
0.7752587096922207
4.447324017229615
4.4322484358611165
4.979887646744375
0.7686291828732339
2.88813132794433
4.462914049672784
0.7661370861352635
0.25735297692905074
0.30220046392503674
2.3543956618713704
0.784327437129819
2.8525932057332652
0.8018329916387189
0.29018415829789085
2.347972133045337
0.27630220837277714
4.439011440421222
4.942966671738891
4.968121095461926
4.926489432999052
4.4604639226578735
4.455624845214556
0.7425071398238565
4.949389948267295
0.26834227864293786
0.3136078862859102
0.32185445521792333
2.355901175482695
0.7814621116072622
4.940325969573523
2.382310617177481
2.4071366713311884
4.4706958824018725
0.26147329565307426
4.5121847907805295
4.445060371030331
0.3368850616355985
0.2458789914364764
2.4184941153217774
4.982359291071497
0.7438513194745711
2.3299891921981954
0.2865453470812837
2.868567391342372
2.8685129922053605
2.3776711948523563
2.4029766988131707
4.447866305809136
4.448769997818454
2.4090411376594636
2.3766389064266416
5.004052929936117
0.7571395994822674
2.3448246956460324
4.95307533041948
4.9243132318446765
0.2638737122901544
2.8809283703134496
4.431460650314002
4.442489449945482
4.436104026885906
0.27620563988747143
4.979545360383811
4.454739025153774
4.975376678752026
4.500769467112843
4.491139371094894
0.27540276339671993
4.477314647512911
2.858224882439862
4.453896883340873
4.448723840481249
0.7628846501486418
0.7517692660932054
0.2840168183834853
2.854016388875757
0.7821769791928432
2.8703625455705346
2.8415209032191076
0.28543287133920175
4.43990031100003
2.830968196291506
4.439305492727416
0.7958393436890098
4.516962305511224
4.47417624595272
4.9415011140086875
4.8960875443952245
2.9060185218622308
4.924396385669406
0.7575565487590044
0.27261145353701727
4.963369854828064
4.91841730547805
0.7576996532679974
2.844503732854045
2.829323913531817
0.23537220002273312
2.3483198757291017
2.3274281037880513
0.7761415431885467
2.407306540904552
0.7824605897303933
0.7713908091085782
0.7159977948676919
0.2882020472574172
4.491434138070266
2.8334837268276036
4.4366680952292965
2.369474111342119
2.3425954724717606
4.953289490055585
0.8053369662971135
0.7537470079545938
4.499882751312511
4.981605456626006
0.3132239379498478
0.7318089494404126
0.7953488142284835
0.24735468644599046
2.8607306853177352
0.8258688846387894
0.8026940183863367
2.403692447018022
4.973420806376113
2.3480270954546647
4.469692235619188
2.846898594601615
0.7843216691791943
2.8690444298664026
4.4829061816120905
2.481492098730674
2.891701969806297
0.2781237870435796
0.7666429963312563
4.957943866618719
2.857112880173734
4.930177932682688
2.3503840298873375
0.30201619786464523
4.9803555620615665
0.7738744289359492
4.980124605835697
2.8668960844940345
0.2958920398972001
2.8019276033152445
0.7504252844041327
2.904734670272755
0.7545629958881386
0.2657348856796135
4.442971594247648
0.7984702586222543
0.2992357263536475
4.484473618637789
0.26351487965140213
4.488332541890413
0.7585445102101696
2.3769496838153277
0.26845438498813573
2.8839462528228648
4.9386938753720395
2.855963678870387
2.3955441709355547
2.9146439432089006
4.457063117766095
2.3630898712061508
4.988766160728587
2.8675888822337363
0.7303496710394963
2.414750927333681
2.384968789320544
4.945772839391235
4.991392738812408
0.28703650220282423
4.49427266155962
4.491170348912928
2.3309590034211207
4.948066915131557
0.2819224019635304
0.2782326397713791
4.989620509922841
4.982107339746369
0.7776971731611955
4.9094830458132765
0.27376391253144755
2.351104163406298
2.8279698276496217
4.499660528573611
2.3749520443133445
4.48834125181236
4.45104782420926
4.468024942589814
2.8863238069628747
0.27913454866365855
0.23109691214120232
0.3160644349118815
2.908315747838656
4.471446455537931
2.3770864638088365
0.7638931401633924
2.850552300334384
4.99773501408178
0.2981534591320735
4.475148273350631
0.27202082691920276
0.7696795622603503
2.3976264390098985
4.934960619440568
4.504370358533976
0.8389869240006026
0.303243493627012
4.966287214554856
4.950287439151394
0.7531506099456218
2.860852664127394
2.405921748132182
0.7278248080512109
0.30094926372389674
4.469743294910478
4.941527556104041
0.7517202731470738
4.959384202778504
4.421302553850817
2.337270108387548
2.3557486087730983
4.492017507666303
2.8829593739186454
2.8372395031360598
0.3056688475816541
0.7778293180375574
2.379970881610572
4.9244979807742855
0.2954087398764159
4.932378202828921
4.489415193254563
2.4050964538813164
0.7547174902530098
2.3594329555176183
0.2826006544617576
4.9484293586756545
2.865769765172514
2.8788299122468457
4.480617701603964
0.3044118616177998
2.3867687546219387
2.3748595629471576
4.957134494840174
4.972765744560621
0.2563672775317861
2.878806575414801
0.8007095985402284
0.7146287564112888
4.918221543680752
2.404392983152122
2.412167009687983
0.7776046165214483
0.7705133224813672
2.8377260031151925
0.26660814829631463
4.509566734429224
0.26572694579930206
0.24957916987286144
0.7592098448153775
2.8887780305561
0.2861153839098897
0.7479252331958126
4.951692596715253
2.4231864408569987
2.410224097437381
2.3833552125660615
0.8045877529418868
4.963429042283776
4.970420220340065
0.304622859212366
0.2980962650760647
0.2519132105606722
2.8478312769858287
0.7324280603527821
2.368965722641215
4.965078933394299
4.481384044825999
0.7411652842614447
4.948248342365551
0.26135830585255454
4.477667088028328
0.7777034748085743
2.8721082599487997
4.457597673560207
2.8815469375502425
4.96400320559784
4.975155154653328
4.452761421469543
0.24766569225143986
0.7418404271923766
0.2914377156905422
4.921053163880443
4.471864634510319
0.7995262123398337
2.3331716437472076
2.356189879938219
4.456374784355551
2.8545521368782443
0.2868176709766967
2.359497062518724
2.437205732857321
4.9730729153042725
0.27613399304699643
0.23560452443281465
4.997810877688249
2.3798394742974414
4.953273304472208
4.491727780719102
2.8879490471795557
4.938611570402664
0.7617548515869503
4.51101710887634
0.29751090507951405
0.7688630146909148
2.4017211782163757
4.966026258140186
4.962849956915304
2.3857029117344934
0.2751060241311372
4.932049068731904
4.420501685245385
2.8820237526812993
4.914115273502696
2.8818378281910775
4.463502501375167
4.44295161265178
0.7842457310529287
4.964549731471271
2.8587380677861027
0.303517120106569
4.98376317018606
4.938762657334115
0.7414690250782296
0.2954069215282781
0.28937429054770153
4.9626133067634335
0.22538913156515394
2.384769594574148
0.1969367674101526
4.454715660277797
0.7549661190964139
0.2798691505807484
0.7781240170467294
2.3764462692799695
0.3430156558948942
4.433994359761571
4.4653428659824455
2.8417455499183153
4.493685664400094
4.9570532786315775
4.44561321658236
2.8658391084418113
2.417936736225204
4.449611471930176
0.23035432130771127
4.973030338845502
2.387580452977181
4.531427027919543
4.470836948254382
4.9648231039350055
2.905161109043336
2.4048641402435034
0.7363192080247472
2.359849321698596
0.2900023871879615
2.831703961000836
4.9664451078186564
0.7707946357906723
4.948262122249558
4.479940528908737
4.94400253025283
2.3812902627021226
2.8723384061650012
4.413823732532438
2.910020923109447
4.951960031171272
0.756148068956046
4.458398610355999
2.81920371037341
4.977502447681138
4.917114364962709
2.431529686900493
0.2929709329114344
4.457677979705924
4.496924533601816
2.3595665747658687
4.9615897159497635
2.374627226306717
4.984113424586578
0.7596515429140671
4.450034400238764
2.3361483235025644
2.82193369594932
2.371762394180882
4.979704623161966
2.3463283091020304
2.385207354855379
0.241584831914476
4.463051154294204
4.4896423921665205
0.2967496194187319
4.444242150588153
2.860822046671861
4.933982920342807
4.450530975710818
0.2857943113100521
0.2863990845999474
0.2862335084374667
0.7807010707599367
2.854304127058224
4.47841955940091
0.29356827044113004
0.2841258381421187
0.7726960090417563
4.954871057591208
2.3895858031947084
4.463953984741283
0.7818022356829366
0.7916312603889024
4.990439488592417
4.476855167316988
0.7487585701769912
0.7669334376043024
2.37084354236315
4.5221605020485836
2.3550520592183175
4.92109700716658
4.447920186424151
4.479868065757503
0.29517070754403074
4.942053391892621
4.974380171264908
0.7873623919387298
2.3570679417711267
2.380174228463972
4.9230685688451
2.8698650350529356
0.7938627764263055
0.2817713901440447
4.479181579836966
0.26794518888279495
4.4793301855571945
0.78072935776902
2.3867379766639476
2.8466350624681946
2.3408571062958754
4.887188947106284
4.512807889574079
2.3885547396072018
2.8957878134874364
0.7644140286995096
4.458498671981685
2.350282665682368
4.460307828590243
0.7668634612505465
4.495831139799621
4.481856000063028
2.3535747516918057
2.3694776287755275
4.933472647303721
4.4002621725283255
0.8133889192640567
2.3575261797740614
2.3447057342151014
0.29114993949659024
0.24625120811870715
2.8681911094998966
0.7362576905384288
2.3281337479347974
2.375656249822933
2.398797156119931
0.7771821942683466
4.500136474717549
0.7539329239852801
2.8329643806943623
2.873795705467184
2.832352470466988
0.7490280840299424
0.24412523084414728
0.7564434041219585
4.963308743203176
2.3834952771960376
0.2880411645551289
2.8679618435207543
4.436039553506453
4.986124399045892
0.7321801343408678
2.8126669245107516
4.433954676988414
2.378542879609999
2.3567649530781334
0.812512929058161
2.8604085332427784
0.2339955243842453
2.381756655765203
0.3203326987005317
4.987258517710013
4.44626556660445
2.8473543008409696
4.974533081514751
2.3695777034896284
4.919402251079831
0.24788363644789346
2.8323623087281633
4.980606941602948
0.28196289330713725
2.8533446451847344
0.2588358391470057
0.7998060432140903
0.7576828540342502
