0.34391604174955065
4.536888821333427
2.5142213256369215
0.30564671321125714
4.492681418412262
4.9415102804273605
2.4431023177069497
0.27393819153681326
4.488248460339128
4.961035708594603
0.37901965080941247
0.2843694937884402
2.754117178917744
4.907624531593206
2.4197765700977025
2.398178427077722
0.731735203658655
0.3910748187605061
4.5073114656727356
0.3515208695173427
0.6780291772898719
0.6691970852895108
0.3161102744722415
2.405924447823659
4.589946695201558
4.519769403217115
0.7442525840207752
0.27116623256660793
2.436318055202337
2.443964584437421
2.8065097930240057
2.70829257342857
0.2873172855522231
0.347276890219895
4.894404254349835
2.7856485997559335
2.561820296879326
4.4692660997163856
0.8081647176766721
2.4149414024681217
2.830786795488727
0.7640234766620932
4.466180582843099
2.3718721198635073
0.733123962124298
4.715573736496238
0.36304293034131385
4.485590540079635
0.717908701446244
2.819838192800374
2.53785550821594
0.7367822387221935
4.917193653637227
4.501530450305648
4.760901762230847
4.540255002328487
4.9429147622537455
4.999630674169426
4.9445612962630685
4.866486423195761
4.925223932176049
0.754005666704449
0.6602658501503652
4.518319904540626
0.7688681858848847
4.884623956832853
4.481425577237242
0.33796484394333076
2.8675625073587527
2.40041042456082
0.58181343470433
4.929676356401383
4.626680027049625
4.5099874653737375
4.519044614220199
0.28899525109873675
2.819718077497421
0.6948970977968939
4.575062640290216
4.4436483605639845
4.817368078962935
2.6945674404212587
4.857281044020395
0.6926347486015031
4.522879818022494
0.349528697152555
0.7598729151887536
2.8663341445323494
2.411233275640254
2.605126480349799
4.957389913426369
2.4165980912811373
4.8983081854809125
2.398827971082517
4.957638662682519
4.546297525313102
4.604722845799762
4.523676263012947
4.502412350233737
4.882467376876777
2.4234092454622194
2.431682034313315
4.567931318468203
4.773067281214157
4.5732108614268006
0.6209011079599571
0.40465442428514636
0.34893727786251133
2.701554445114233
0.7598369331318915
0.3210495014697514
4.930774093925949
2.4279046837161715
4.911393988364686
2.4879242054048176
4.574074995203929
2.4208245011429863
4.9405469583509385
4.488498684702427
4.833323091436943
4.915228303819021
2.440093440761651
0.3797501550447675
0.3937726157194157
4.539907782228128
4.937765253023743
2.4835187156110154
0.36496924658786467
0.685574815533667
4.416094334009878
2.8155276618525584
2.5233359106731954
2.8637100263177273
4.470523611740114
4.458802980649033
2.7442052508735766
2.7970540997060795
2.423009861918485
0.6065153576320172
2.7191565116231793
0.6523148994527789
2.386721540451999
4.9233524145155965
2.7635799461405934
4.531384648385096
4.966594700751037
2.380077143943391
0.31280861207230304
0.6931249919756053
0.6954963912539546
2.437632095589678
2.4744411685517704
0.28321804628282593
4.5149819961583795
4.916317462173845
2.383905389080273
4.480443960319909
4.574632049163351
2.403297386577265
4.8969659803573435
0.601584957722341
2.8105170174975034
4.492934943770465
2.4375553157054664
0.6235778040176778
4.94689859460884
2.8433479229413585
0.7060417834882227
2.81913328203597
4.4969683315306455
2.37492500829651
4.557082759204344
0.7167586111208128
0.38538157735774703
2.822841580930155
4.550817812234736
0.34412140802096897
4.844304302017333
0.3508132832674859
2.898136875963805
0.711960651047526
4.821104164421402
0.8120273973496943
2.4649105071889714
0.765715399416909
4.483357501890811
4.924473498696551
2.783582862826956
2.8433753788863845
2.475805036765115
0.7719583516078982
0.7206058296708269
4.957060911865267
0.6095822004432057
4.53049012624518
2.5968379954165184
0.7307684515801725
4.534761732978354
2.5317925856260577
0.8089207313409266
0.7145683014574573
4.70076984535658
4.593311223704158
0.7087949404419851
2.5702558036447916
4.943855561866051
0.7289149537550585
0.34164876387188864
2.3482934098743344
4.505419417185819
4.872452788196012
2.506048303038765
2.4479741088164095
0.3132792346140336
4.872627187873606
0.7388815252531642
2.700953168726681
0.686836899386291
0.35336817858072994
4.834928903316285
2.4824625650843024
0.3985370879899421
4.914682696275945
2.828254851737843
0.7604554822405769
2.3823176667803163
2.8750359392939226
0.745325491175097
2.856014388685636
2.479011418645096
2.6947946783884396
2.4886244334041434
0.6683553647775421
0.7977278091530852
0.7630585968445609
4.477981857114489
4.830845098710537
0.7320941647838961
4.908774456109866
2.6876492944199986
2.4561713429748
4.9016470749630425
2.7819265592253397
0.6856352165826605
4.492906778597906
0.2807585660006083
4.491583779806917
0.6807388910009615
2.7966052535830253
0.3431893564636688
0.3271192607164873
2.4576468085688816
2.7872849383177063
2.471148650825016
0.752510593553988
2.8113847903484444
2.806639987226306
4.561837244436344
2.4159407255865966
0.6282045019804162
4.463228623476233
0.43236198178238683
2.866833900164957
4.918277945527975
2.4257058396574265
0.6538487006584397
4.877581857229494
0.666112615903665
4.871254942228207
2.423217848833679
2.8175297783159454
2.3981294565682947
4.584090495924117
4.596718413193868
0.6269456646272108
0.7263263902707902
4.935203299474254
0.2677292958528536
4.5399428863482765
0.7369375223136908
4.567892955770605
4.919238438618372
2.3585577668273285
2.387575332843058
0.8070168134026547
4.878821953526354
2.828084016231263
2.8552554922997606
4.880319884309578
4.924719872034676
0.7459464444403758
2.7849191405518776
2.8508669156549376
0.6888065194139636
0.7358171356560717
4.959779431694602
0.2688418995734751
4.490760319268644
0.7568365113077984
0.756882393240988
4.464868218687998
2.4347299133747797
2.4788566970136916
4.9419320836065355
4.839893711237868
0.3121988584405425
4.943294952280698
4.464794109974435
2.4441860757118072
2.791189312078632
0.3454513811189706
0.22710644210901587
0.6081561020775126
2.814699955661634
2.39964333158732
4.519363134119873
2.433692129432795
4.854065406267201
4.479458948292442
2.8244636654758026
0.25070727568018025
0.7133647993586785
2.425448299762697
0.29109170724055755
2.4708923905551483
0.7150328457224451
2.791042804856183
4.484579479651617
0.495181527371563
0.33195921774061327
4.878721024004684
0.6978774836306711
4.778434998072352
4.486061470929878
4.496010030376106
4.897153025898202
0.6417776585186596
0.39276330641446155
4.798697970769119
2.3766895716351866
4.9383424029768745
4.507486540229093
2.809101376929906
2.7834634172018227
0.6707229081901205
4.475776521219484
4.924736965702947
0.3681010042202596
2.793311353510545
4.544202414593457
4.869360816963759
2.4233061798593947
4.657041661151452
2.5167102522922677
4.57775179430554
4.635767795698263
2.8717819763494457
2.770993894806381
2.6661474932159512
2.820148511936307
2.830631197539627
0.7111616720034732
4.7697220800219275
4.954238183575978
2.8245168824840214
0.6152543963662038
4.579624216324886
4.808125293473717
0.34172105162606453
0.42517241123262334
2.847021173205896
0.31898143388954825
0.39277804550970186
2.8512932542418117
2.4265559403298353
4.480870176250733
2.806821767787854
4.540244252603258
2.445161121528881
0.3448751533440522
0.30024216103049517
0.7224389455003473
2.397524439147553
2.785239266219484
4.478184209568853
0.3683062976870344
0.7667541116689065
0.29069195568450346
4.5291586667229975
2.4150231325844755
2.8154937446201993
0.7748489359646646
2.7963969480415702
4.471840931616315
0.7533152565719154
2.8111703381737434
2.4792550533221855
0.3211386515442385
0.7441149593408565
2.4236529812488676
2.8277686317059505
0.7371617704568438
2.8018658693993506
2.424643052970935
2.442469358899699
4.908227520804557
2.794861218566625
0.7860295592742947
0.4148092243536036
2.4530229945516604
2.8251293481395514
4.530333284385578
4.912421948240406
2.8064904068444188
2.446381632312139
2.7679463159278157
0.3539871954739953
2.7604933483579934
4.480020861778979
2.4197646198434404
0.6939701207940049
4.520599576664866
4.504723962086412
4.902955904256784
4.498391402944601
0.36917752797626335
0.7176010739426009
0.6941290299486831
0.4109322652333837
2.818112765426521
4.507207065132258
4.945547447700588
0.7597862301095519
0.43036810212079535
0.6831030796983455
0.7269928408661946
0.7731226887190373
2.327576153294033
4.864573603482479
2.416245869147322
0.6798969775186838
2.4524945252808616
4.853263247357422
4.900744332842874
4.74667894359814
4.950802854787472
0.38648025639143013
2.788776962562518
2.7820985016125683
0.2753732681779381
0.29716465296065897
2.7836386416385572
0.6581040978991783
0.30859567752671324
4.546479914729684
4.854927630158671
0.3455323224878904
4.953536130719707
2.8154128457718803
2.8481758120506475
2.733635366138036
4.546362504679771
4.462471344941707
4.525982003198586
4.88673549875986
2.467451497560165
2.7896666629597746
0.34670945462130914
4.956245389567014
4.442520117001338
0.24669116572270255
2.826291580441935
0.6855313278040229
2.45359130150238
4.846670438371828
4.969900978415896
0.3373110515747167
0.6542291088047834
4.910224868322755
2.8005337902383807
2.4926196431136183
0.7115816939579294
0.7361489314376956
2.8355586911256623
4.886578064907837
2.8619120263685254
0.33466580427040765
2.8259675518463867
2.850505751309197
0.27328499579115334
0.30538008910430536
4.526280784035504
4.583489477545878
2.4551556321586565
2.3753396877680206
2.5037994161812525
4.667967202389037
2.776929529219414
2.8634046660550756
0.35452806950271437
2.799528536725487
0.7175365096574646
0.7557187572589077
4.89251344747384
0.3522672005557766
0.7587606328397489
2.4074077865945442
4.536047330981127
0.3309225924732733
4.674647235303663
2.484228147995188
0.7641776603282084
4.925357555804359
0.7861621563468868
2.8125947132584663
4.51772650742217
0.2624742916911011
2.4687367811177174
0.7277368312442168
0.7363718733949677
4.940088753855098
2.811538505060075
0.3118262143537197
2.4319039908192845
0.6936495540880037
0.7086674444650588
4.892147451956334
4.548827824643664
0.6535877056824504
2.8447001881321032
4.647682170181991
0.7365051363155934
0.3254767275286439
2.81711320814215
2.726918342142035
0.7090103369710238
0.742687389306016
0.7595947763485156
0.35797406281367156
0.7472123882335846
2.323972466595599
2.819661413989248
0.7797130344462464
2.7944933010999655
2.782935532633129
0.34589771549390397
4.922335124579472
2.810473998805053
0.7129923895861063
0.3310810944140617
2.3424240921298227
0.69587850802461
2.8185183696123013
4.896117568438632
0.428450408295418
2.825055241319625
4.85961311407114
0.6236870556205313
0.7435733248176171
4.880820823630094
2.3640974880978103
2.452424185712039
0.675563656536619
4.5019070584562675
2.3693661749337496
4.850343462701151
4.881648463289968
2.7780952615728074
0.6838481019395025
4.853819444935039
4.8781142700755815
2.453067483740379
4.487983005161418
4.9577130008947705
0.38851068900644026
0.842144908830812
0.29267344086046576
0.7437824526454243
2.361717210103967
2.369859040772289
0.4196500042693169
4.439404379765208
2.81263273858959
4.896129943735764
0.3009424719166939
2.447734735738997
2.769163744405148
4.528521311637865
4.553694083034809
0.43494954660549967
4.7379072021193345
2.411123472179345
4.427189170106546
4.900089660806706
2.772333334942096
2.729169278500474
0.6274588908471574
0.35123958214654344
0.3283948458604878
2.494476087030245
0.29345919890226846
2.812391361416871
2.3729761363295334
2.8297831275048453
4.870874413845718
0.31812930087638414
4.471768105851341
4.75345421280579
2.7361156367469515
0.321334669864055
0.42915715893503076
0.32425925888567
2.8583809104643274
2.7865950848474648
4.883741793589014
0.2974948805974936
0.3037842659181852
0.3360696401133963
0.7155715651974544
0.7389535280780257
4.458421560365329
4.517630287029204
0.3716879858464783
4.59133515529665
2.460612408352541
2.391966431672988
2.8451334648999183
2.4354643774496787
2.7717480120151743
0.45779130958285197
2.8034380121246314
0.4133036055291875
0.7050067910969773
2.4394953838393953
2.3544447028246838
4.910254921812075
0.3318233309493133
4.905581382462535
4.593870708513678
4.872498245228199
4.546009966184462
0.31402541351648205
0.640257687411242
2.3935237421921642
2.4649807169155444
4.572410635046893
0.7275227824746012
2.8308603249071127
0.43570845229251753
0.6704966023885138
4.539970270371746
2.4303308981622966
2.865051040067704
4.879136082035184
4.891548639909631
4.641331072538027
2.760283494227365
2.844274531922052
4.921968807532483
0.7117970826937763
4.887543858381306
0.7437682733512198
0.6464078543884508
4.86868841245021
4.527914999661028
0.6840743683790753
0.7383038800725887
2.7974630026127913
2.7168356822589437
4.6714486607926435
0.32380648412103497
0.36121017012612944
4.879278958345619
2.8398050135367816
2.6890273910020577
0.29552895322071715
4.502429526222056
0.639845440573737
0.5386936650436673
4.8366660862128015
4.4902479617548146
0.3893188742053634
0.634897564111476
2.467090861319531
4.499986000496516
0.7361597828067371
2.4928743388173045
2.422262943343841
0.36485318992786353
0.6730986212820627
0.7053602442311282
0.7038578652469725
0.47202547183167703
0.5527125229965728
2.841218696167715
2.383188225944025
2.674355139952595
4.8744200183763295
4.4957530247223385
0.3103464480236412
0.6886319253185458
2.8933244950363686
4.499319509260097
2.3670090386795413
0.7481677446318045
4.487814153038353
0.7452898321431867
4.496965599404649
0.2865966281327043
2.4204972478920395
0.3234986755972482
4.962267339694279
0.7778081241579562
0.2621872617660976
0.6862283237642959
0.3271959470410007
2.3582655168911053
0.6623395963987352
2.803979979030268
2.5128671792695054
2.8094934304119397
0.3743617317788135
4.922637986858249
4.553521752731292
4.465912932774862
0.304324956517826
0.37255356378541515
0.2937889366299705
2.4206964959329818
4.549730777849826
0.7128178731061399
4.9074799132186575
4.946520872990798
2.823664059961506
0.3204598177214475
2.387935259538108
0.6149191473511608
4.529871741020726
2.403779152062036
0.32851020221297095
2.7932699845584223
4.568664325847743
4.622713216212128
4.926909422722497
4.933654380644764
4.561804213498168
0.36172102376748194
4.8868343885502235
4.894078836796196
0.2852815967764682
2.365470800228987
0.3704060762270731
0.7086143689950869
2.4560338560155315
2.4500681246533835
0.30775761693443326
4.525158253533622
2.4598056683465472
2.414188298750508
0.7299640777257973
2.8778924981562093
4.843238521558643
4.949118825503282
2.7642059269225334
0.33212629202335725
2.8030012714620347
2.840584754042464
4.497016014829138
0.34434472041871983
2.474751878713559
0.3068639494472687
0.28126137502070686
4.886833520233521
4.953167853972972
0.3708376696568765
0.7718821051980314
0.6793604711075341
2.4774764381577263
4.920834878195991
2.85747247654705
4.9793096459733945
4.790370188247683
2.412492119089939
0.36626343516195226
4.933148866269091
0.7020303139457155
2.675189174579003
4.934574392738836
4.626410751940592
4.492138039802677
4.52279198952356
4.911266883416871
2.7924004407085374
2.5920552074092624
4.505987589634456
0.5101101767975447
2.4315219988525385
0.7377467469109082
4.574134344209116
2.423296809223943
4.831988203605287
4.985701083317861
0.41657185624268306
0.3431501469788171
4.966981778018683
0.7545714068820037
2.7937227496008488
2.4291493677272027
0.790817888199173
0.3476921135245145
0.6887157874431915
0.3208133828182186
2.4752689672664716
4.946808641907504
2.8368221627628807
2.42038281921156
4.5646441846746475
4.493888441337828
2.531846688300663
4.546081644000043
2.4405964018589095
0.4065417878823902
4.910703660591506
4.952668491853953
0.3072960637150174
4.954412499120307
0.34650375292188146
0.6560006068496015
4.4641061836211335
4.52230983429508
0.693659691317033
4.746082548389831
2.5003417471861162
0.40812559664586695
4.522674288188
4.58615367719276
4.813722710158316
0.626079872343059
4.5968487336872155
2.7732439036812844
4.5243645625024405
0.38158430871645876
0.7786949188027493
2.384429180294165
4.444831636189788
4.608314594581899
0.7859329763002274
2.4203542011344954
2.828815968290999
0.3120795517342754
4.494742298270378
4.555948932225852
0.2924740796625179
2.6106805952869885
4.5151458770041675
0.5171645570314851
4.9079897496681975
0.6003512278946387
4.9450273626058365
2.3978540337828456
2.407751838000533
4.552753196924661
2.858195985794417
2.7572743817447876
4.976659165148219
4.977311340093016
2.656541873409115
2.804737249681648
2.814205533753843
4.493903425343621
2.8149656885199046
2.5211212482140155
0.7468776907805468
2.4230038339655176
0.3557465582275127
2.5072096979128777
4.942510787411295
0.30812286542073986
0.3934831838903896
4.625486636716502
2.79011948229641
0.6768806044526217
4.8962388524133935
0.44606943048121417
2.9076176660016504
4.562266532348581
2.8201098504579556
2.4031304715799604
4.900850775938337
4.8837022755334445
2.7089640481924584
0.7359784110204336
2.8241043471237846
4.505043534992856
2.4135827112864012
0.30490072992339246
2.430937616509058
2.414070532313578
4.954510871244604
0.7645279122550926
4.577926998075921
2.427568073509188
2.53187217300347
2.4166019181246234
0.6256217524002374
0.29916720661408924
0.7108372892782209
4.8772237793188955
4.879087224881023
4.557493110467791
4.514594788914778
2.831274529457567
2.8237018646223255
0.35363932124372116
0.7671968193898144
4.5002541997860614
4.884814623517668
0.46049397768080147
0.38908116636298196
2.8384132341945625
2.438844369024116
4.52363689099986
4.924833283965068
0.3812839782368316
4.554863256147798
0.3359020019531474
0.40453644493761937
0.307084756194159
0.33171590920833177
0.29977338006649623
0.2906091884013803
4.587043512367535
0.5339421527680277
2.3436791605143314
4.523165473224898
0.3873545059930138
2.835632993962638
4.601388682774238
4.88134477049654
4.938789915014346
2.472718696652254
2.384996970050468
2.810308917448229
0.7650976320053134
4.89243333775547
0.7162809387494529
0.3547772745919027
4.909588592376552
0.309088865868819
4.892353160630717
0.41907318519853326
2.827602638135005
2.8046861923615
2.7699067772285813
0.6887050905408925
2.879199955206827
0.7181805344974435
2.4117419064670154
0.4060196563448017
4.580612312213087
2.8039335827439342
4.925184766736103
0.6316024590258791
0.3382602362155965
2.821661698100443
2.447005590474946
0.7043545841648956
0.705494239983318
0.3766165971888009
4.516374727482528
4.544708798165851
0.3590951834719947
0.6511629055429191
2.743950620608244
0.3495404249409754
0.6599267400597616
4.897214857445968
0.33909248590910207
2.360476168569287
0.7617715197438196
0.732724158645041
0.3806325999957547
0.3271611737317653
0.7928314201721822
4.687464964025692
0.7100412171874197
2.4237089445720117
0.362100265379365
2.854540821748214
0.3699069951636509
2.732185586860752
0.2500678215752197
0.6093005896805266
0.35043654383735806
0.7188103781867972
4.53699934449068
4.494415273053191
4.768334088618715
0.6763752308683768
2.851618439620611
4.917439231836502
0.6381126347963245
2.8179488389936567
2.7819105578628944
4.927647680423073
2.4723561761894453
4.923159000938468
2.8018762195466604
4.895557670446595
0.5447523700034707
2.8223125619992846
0.7564173031278105
2.7953824261226035
0.6452790083168971
4.537571301042036
0.7935026077628164
0.3217471639629731
0.3463300397735763
4.936228647889388
0.6810671778266533
2.8264210811376187
2.4320952684759463
2.41025576414775
0.38855880731979076
4.948983426239108
0.732195622338045
4.876464200658843
0.3177285903584236
4.527423726771963
0.6208740330809943
2.740101923362399
2.3911949549000404
2.882100028097589
4.493946914762659
0.4264579229565871
2.7692869255836494
4.516335921854428
4.545069516597742
2.433102659715145
4.583488922980301
4.56748042967673
0.4319182507017755
0.34621925789713776
4.808389035081906
0.3340642828213359
4.840854781187442
2.860305039293526
2.4586176477077175
2.876021284453581
2.6001130084724373
2.7893748392526465
2.392014922872489
4.836243152571919
4.5038538194289055
4.576180761081223
2.5367716960923965
4.6202498195574435
0.33742425704111684
2.428143685056744
4.525868572299032
4.849801627415013
4.577262860210387
2.839704310789573
2.799691456562454
2.8330003830276915
2.3991119476553013
4.884576677104137
0.28304398484021803
2.769709216154121
0.390387080875777
2.443777647799703
0.2763935609350298
2.396326057620152
4.919307427586933
2.4345741144866078
4.781471697064002
0.7434603787700308
0.6724385764041743
0.3925638507285607
4.521001118713084
0.5831491278024066
4.506063028729189
4.474922294178865
0.7391164865602823
2.4165953553150366
0.69366820106413
0.2648322309247925
0.32840592132127805
0.5076175219059051
4.471291667104129
0.3301091248928563
0.43587165561726626
2.499530558113393
0.3046619046471216
4.732812803490883
0.26199529415476625
4.540633481232644
4.505312031299939
2.7850817712033153
4.496396964849743
4.894129802727351
0.7198499118755699
2.819612075628872
0.33930844889700423
4.943683172567076
4.506947995881552
2.386665910363513
0.714117144414127
4.536379002187505
4.905550806773137
0.3405233387847147
0.6884088885559032
0.3131652997033022
4.884187696230139
4.524847202148106
2.7248077520716794
4.85644329527928
0.6499989106229045
2.466823721620922
2.3939897439310927
2.7820923282509216
2.845436210451039
2.3484763664023047
2.7573661492377037
0.36936719772385507
2.4484706647805075
0.6462307645309429
0.6654240347963718
4.53546468458199
4.433277713919122
0.7501362771677973
2.8011258621395485
4.5195787980093325
2.696444347519606
2.4694591166743995
4.946148226310455
0.6757290882063554
4.5112270142969315
2.8895334657111915
4.910062566800163
4.937684036008428
4.565586142295394
2.812084016032295
0.5850973209198982
2.8016642555755116
2.670704835893367
4.924758061286814
2.4084783244545225
2.8765033986622024
4.562847330686334
2.417377235001329
0.7064704297901013
0.27501436828077436
0.32638064593042154
2.441779008833328
4.858081098473239
0.3045242526717479
0.3320282926418257
4.544383771725084
4.914693303671115
4.484044175552643
4.9155592750931625
2.405907514764543
0.7327711053513851
0.3310056217395064
2.793960962342419
4.830353518139283
0.33379289001515083
0.7655675458371084
2.3423702679656917
0.3425262650568585
2.769594256644556
0.5507351542232441
4.5113114958367095
4.922233858380335
0.4831738091733155
2.408061010938525
4.428724469757889
4.896352016442748
2.7092369229105207
0.25599058142330494
0.4064884710052105
2.421946140689859
4.522516298593221
0.6465962221230015
2.81210945437439
0.3299587858417619
2.426107958175412
2.431908670589791
4.570915751862323
2.4404425184243737
2.7430026418901257
2.458411064207184
0.259513829432419
4.544799289038112
4.940979766537346
4.500597716457377
2.805194863378485
4.938659983440714
2.52021575169916
2.334606102294414
2.434491785124801
0.3572922496076933
4.8988998494552165
2.4141198834685054
2.482719703240385
4.4872491016464995
2.460059751758152
4.902668611891254
0.613305922041349
4.9180662951420535
0.3470738693378345
4.928178244445101
0.7732396189716124
2.855484488024703
2.823639459412035
2.4677083462796747
2.860696253264436
0.7970086328648502
0.3607489567553197
2.4460220404286033
2.5193296597905617
2.7542874584445567
4.8241835971857645
2.4289466186617723
2.4640037703963755
4.8308349986336925
0.7056973061184877
0.2642188745196982
4.549696338845015
2.862964715576387
0.713572797146478
4.909462978693509
4.504074685058902
0.32475506899700346
2.780467473833436
2.4336726716782127
4.882766932113439
0.7489881432345527
2.505641791157973
2.7642798499567687
0.437930436204664
0.3003449187978916
4.466413574547
4.536554155723012
2.8408090229095846
4.875723337038544
4.578890033845872
0.30536790338669617
4.537357266885007
2.4819539659322287
2.795084636252055
0.3859094657952544
2.789568819531364
2.7507494702873636
0.6775735418819744
0.6866454077877637
0.31465771381579444
4.4665435125721284
4.496473815527809
4.485964103331139
0.34131874210632956
2.395165511947321
4.545942113881469
2.7728247385880826
2.4014324465833536
4.520595306652811
0.34261503555660405
4.628691287296904
4.4368731217832895
2.7800326463269305
2.7987263829092726
2.7904151362730127
0.33866236455237836
2.4380580488044528
4.53084767652282
4.939602727400192
0.49049785303209187
2.4280120930918945
0.30022067618699555
4.69603009197533
4.855131987026652
0.7428546424102407
2.7506001549625725
0.716253784610297
0.3049261522608261
0.2577593531449495
0.3417034878047565
0.37592344510823517
4.4897538538894715
0.7456277256990542
2.7640225068687645
4.598049527637774
2.4627990567700278
0.36659080119196075
0.6893784570783115
2.447117153630002
0.3154792213165293
0.6740131123259717
2.6158574711702154
2.7290490201423676
0.7313020226018844
4.593324270065494
0.730134459579527
2.820410931515801
4.866311711809393
2.465485068380406
2.4420202114229523
0.33411870653543924
0.3077156518645636
0.31428338051876015
0.6037139556541948
2.791898117174964
4.549252185806048
0.3660052467932142
4.925881784307855
2.4010561894987648
0.7616387825245928
0.6628839573227943
4.8891592312359835
2.7986804449210094
4.870709911997544
4.5241100402133565
4.873632967334652
4.439288515308114
4.667976735168369
2.737009078343912
2.8143201367675306
2.7880562265193074
0.30995697773300934
0.6209078713102973
4.419049376379926
2.4323606742611292
2.4003730059688047
4.885834949006347
5.004107058216166
0.7446198339298016
2.835341830642648
4.891351471749232
2.366660013671752
4.463634516940463
0.3631929907040017
0.30883765186680856
2.384316312973502
0.3241198373041615
0.35427427389509375
4.532734775406262
2.7913175499588023
2.407765449652389
2.795014471272945
2.872321157325715
4.897437680083789
4.88662247677837
4.499494572734701
2.375107875426841
0.4091661347705741
2.7647022919677253
4.546928563112641
4.567685209001574
2.4792010995139497
2.4194616401922593
4.465240343947979
2.4100850950526893
4.888882963729296
0.6304571473967824
2.7863368883214177
4.898502139938432
0.3521925000797998
0.7765626475752657
2.77514869580211
0.24939558551222174
2.4551976877235044
2.3676390929406916
2.836878892543258
4.878053726343825
4.937386395201491
4.602208639816424
2.8075987206521353
4.858631966683277
4.859448698363824
4.998619231859538
2.7847775274324764
2.916279986675108
2.3999031164360143
2.4247566060250696
2.542653960857813
0.6183043168919751
0.3401190593750148
2.8349661942798026
0.6816676916567295
0.5136664094925412
0.35619147598531636
4.546411413629865
0.7855115095995278
4.909898478150063
4.887023652165808
2.8687683240634927
2.8409778999396385
4.594433438813591
2.785626758223089
2.4225336583846233
2.398570733108721
0.3279534463568596
0.6775255428310643
4.903355043861649
4.836287236215703
4.518852200447373
0.4626477582812566
0.7273675316557728
0.488430841762956
0.7172677915679968
0.6936880161527142
2.8828249247180975
0.7642793888523528
2.812190133231315
4.4984054177500665
2.432729188058498
2.434354590510425
4.829803110497004
0.3583899933957437
4.519179840265421
0.7210067261933146
4.895831061986502
0.7044297616009687
2.7563849005346484
4.617760363189557
4.568800814539602
4.911827200544557
2.451493419688386
2.7097221809545045
4.93797526008447
4.926018403255619
2.8429867411356615
4.536229983783623
4.567493936188726
4.929811026592153
4.623909797902941
2.536811922386252
2.377601994209467
4.969947988792134
0.7084901986027081
2.4322814032301228
4.934858337264868
4.909252262055217
0.6808713167386251
2.727537819355051
2.789345602125987
2.434033151250324
0.2985943707720594
2.4731389192676514
4.563544452021912
4.541036081796567
2.3823268998071616
2.803254036024399
2.439830782140416
2.660406300002922
0.7314837859096324
2.8219777716535055
2.4993167623199635
4.815387524132107
2.4723763539620083
4.5126448493778195
4.571381314084292
2.4859947060700054
0.704605829747968
4.875083039378352
4.543936288968661
0.7190641020484432
2.435066796847839
2.7146686691984234
2.672702130700752
2.390409968231045
2.8733205520765255
0.3617887888459985
4.906045705444026
4.558632861625772
2.734185628883463
0.740044429620454
4.465303983294828
2.4435802300014946
0.745922664426607
2.3203536263639206
0.7523353987707571
0.5936929716825091
2.459218956452042
4.924466080875848
2.719204120333724
0.7500264804851331
4.518446523292847
0.7663162074101543
2.8346457871048694
2.88655005153997
2.7258489805325326
0.520913088906537
2.837034241904616
4.498911069055775
4.906449729472834
2.7803298249260826
0.664525102304682
0.6521120568886041
2.6220512084201246
2.418495537117912
4.5865034906200295
2.3684206390099076
2.416760820812329
2.352165795509679
0.29092354193286496
0.6184931568054997
0.34681471322148855
0.3480089498850876
0.3009104178566825
0.6704329654175739
0.34849928069107866
2.570728604444696
4.886570408383862
0.6740497127087954
0.6911407016852311
4.943393967275975
4.834967046525879
2.7490271556922696
2.4620411597436207
2.349044550383996
2.5857247193190758
4.852576261465285
2.399777197968359
2.439209456730958
4.767601826602048
0.7691427908115643
4.528128973336463
4.535478658545528
2.564585864897517
0.7297522228429998
4.610424983195216
2.4545146924053145
4.542759672182423
0.7491782034329708
2.469747149463474
0.3288345397197033
2.795782783983311
4.5656765242303505
0.7273122714882234
2.6396853532021662
2.8374026237145626
4.843933580972328
2.45307506234638
0.6754172593596637
4.475853065335743
0.47831858951073275
4.574596248966924
4.57177111900793
0.3785882690046647
0.2721958786767092
0.314116154910561
4.482984319279463
4.955923988085745
2.696662820259251
2.7984530275416333
4.53711125118755
2.7904409177773504
0.7193445589070937
2.7981617561115066
0.6633367301080397
0.6936072387472851
4.934517159100694
0.7082534640509017
2.7568057190672866
0.7080371232198075
2.369318559101071
0.3552159114887891
0.6543252867140403
4.623027572831372
0.3077949470168533
4.949691053769763
0.6829224776843941
0.7738652014141136
2.374209159606845
0.6763605443004523
2.4099699247510897
2.8728971739388665
2.461744964798034
4.479114499689504
0.7254209584660998
2.7936677579673894
2.4078079513168587
4.619828242816086
2.770383221629197
4.498330636893488
4.85210679888002
0.335675693973113
4.523477217345428
0.33095691789960663
0.782302798714275
4.895097589700068
2.515179864995613
2.9129505867091865
4.496386717860478
0.37222666469926446
0.31077726403546313
2.3916990016628046
0.31413662784191
0.3961340990485211
0.7150563602039297
0.6389871435494898
4.92691991099145
4.494370316950101
0.7163653108138524
0.7459715716520454
4.905375580790202
0.6204548454580914
0.6781141033946987
0.7430192239700255
0.7293486305777376
0.3527422072964987
4.47942273266534
4.4928392153140875
4.475925595668316
2.75428737826346
2.7881171640749476
0.38719094175993995
4.846890548916729
0.7169943431808641
4.67370096503603
0.702089096056252
0.7194757266290304
0.38572897347780255
2.8281366028527106
0.36056380867355986
4.8589302482106875
0.2803557977875321
2.696408837153534
2.5523051487276636
2.537201178321152
0.3205783396124259
0.7660537976958639
4.4766320650720886
0.33818532772109405
0.7632192711787159
4.50776264724963
4.877461367053945
4.8992538792241715
4.922464145108201
2.8783280209598012
0.4239556015261317
4.486200304202148
4.875979920171368
0.743688306884081
2.709908394239927
2.8143718645729607
4.893694827857598
0.6386322934997677
4.932167476053853
2.4744690306203996
0.6816934785126489
0.6824396096716325
4.934320241887166
0.6947808911804514
4.473819607422865
0.35564577196616104
2.3811278091679036
2.757281663396366
2.820369619529703
4.899579946956234
0.34982800571878264
2.3789276575181546
0.7133142391399636
0.4456683074929463
4.882082008377759
4.913302571046636
0.3548386111955994
0.33669390514612857
2.4766456513922486
4.922192598986313
0.29486498535485006
4.494437354767715
4.532932084032543
0.7601174561279238
4.928293029570939
2.4150393763591635
0.3022999686114606
0.33991158337502997
2.397512692745046
0.27989662881801675
2.856523845619773
2.448760244268577
4.859015245627645
4.897155736297019
4.9087173038754415
4.81668730790966
0.367091555343554
4.632237429382842
2.4061629314970547
0.7000894712006578
4.847670711922941
2.8028273831187978
4.941721379030513
2.36769880764756
2.799729645463516
4.9559572868123105
0.6822880517125469
4.554852933403802
2.381964117226152
0.41485594471787696
0.70810643542639
2.8453262283538066
2.5712497017026004
0.5237809885466348
2.4200837851856196
0.34166334995101716
4.901909490071289
2.748767934629662
2.7299341448766996
4.52089679165653
4.45022305327832
2.752337933765422
0.36492339883033353
4.850913338102138
4.930917553655267
4.876207386760806
0.682212303729809
0.34992947520746437
4.893048814176734
0.31039864513547377
0.2565917004490778
2.814038800769529
2.778585774074249
4.895822455641854
0.7584860894685306
4.521824141482338
2.7672399395543943
2.8433880335749016
4.931251276700066
4.512200002866241
2.8403986729504487
2.5048283976109897
0.6504254480714686
2.75890393843406
2.8105448728373497
0.3793028694681513
2.399131394010707
4.915865790503806
2.411043769336385
4.561262366874329
2.6748848820024422
2.3868822787142587
2.781976969924496
4.4154644620575345
2.7964988489370803
2.7733866104294953
2.494532442031204
2.4162891997482894
4.565140668685956
0.7631073325905439
4.864906091176986
0.27211196949381206
4.921504629374033
4.9021345991345315
0.34606382291360566
4.535751192878979
4.4731845628952405
0.3053795188844358
0.7060478139904669
2.5638448923073214
2.456683713978647
2.7528282794094503
0.3902212866206203
4.8890298087145645
4.578940337595069
2.4401458336209463
0.7416004938774658
4.467939363162956
2.4215686642512284
4.551449438535805
0.3640323953758551
0.7227519277003911
4.863196193982533
2.398927802561524
2.5426551971560314
4.8907880493151765
2.8684783815202874
0.3312851153474206
2.56345574631987
4.885835125144976
2.8034487705780218
4.455094407137143
2.8715672427599923
2.483311706266727
4.707897126650426
0.3146422607150603
0.7458762665978582
4.5177956540904045
0.7381892517416532
4.607642988393969
4.83672941255014
0.5877447988005704
2.4070440222150404
0.32167950229808717
0.6988566097974596
2.8611788784414363
0.7462666190823082
0.7916137445077152
2.764485850143395
4.488802733753373
0.7547065346057147
2.8797359289236906
0.3128811495337106
4.890092567774388
0.7318801917230815
4.960968873922786
2.4327791304152298
4.958683620949415
4.950616315937804
0.6626289934941068
2.3718330123846374
0.7957869260122142
0.7341555454487136
0.6869164367372382
0.7160692005108802
4.538023777276159
2.7565676528757925
2.4732453698716674
0.30992966119431065
2.444876517211481
2.4172338340809647
4.520638614742808
2.4716769965177297
4.747638720816606
0.7387679026069917
4.521955910691522
2.4330196816590526
0.6365687706660436
4.752293555606738
0.3120612095329095
0.5391306470256318
4.883369119211832
2.816525086198546
0.3408687830867681
0.7965840817694511
4.886582165315932
0.7047251168764382
4.896908771617112
0.7347916549308939
0.6949744465202288
4.933283296863857
2.8874534278775696
4.868046169467823
2.425067450251029
2.4546865936627604
4.883404979141941
0.7156495138886769
0.6849938866407235
0.34921435859432876
0.7282718025053545
4.935856128084366
4.939145268667945
2.4890362138978084
0.7187550002632359
4.485800185155804
2.7553401666745927
4.500764878889087
2.671740759813095
0.5234973834302342
2.6623650815362296
0.6972789719729798
4.529701012025175
4.484642474581786
4.9438725831578045
0.5431516897063811
4.549096989711386
0.31479685419590986
2.7865385217070027
2.654890361999898
0.6859622127505967
2.431082142811649
2.4403323975062743
0.7696564475223333
0.3646460734493533
2.494434977288769
4.901168597460902
2.4635079868737737
0.3334779953003491
2.4422725707523494
0.3142236179519058
0.30264276853006467
4.923244373384108
0.3294508155706764
4.9189866532849145
0.7212237105942629
4.514776804880934
4.52289624129987
2.7653552900525282
2.3995398494417337
0.3583412539292968
2.4049038595023204
4.893192565430435
4.587067880710132
0.31149063749967165
2.8718377555672987
0.666355030694558
2.811974688393479
0.4049378154627676
4.52287586799897
4.9079601094886005
2.556778388590464
0.3802296087371386
2.454847080367799
2.375012284258348
0.7005057309541245
0.3463277315577224
0.3891447870155307
4.539532974935045
0.274085356018612
0.3438118580850074
2.8569471274944154
2.7311227602691908
4.607935348488638
2.5035205855740443
0.7510769658463636
2.8274267697959217
0.7029580576807427
0.3278095183493939
0.33306998838218177
4.912005281142182
0.2961129850162324
0.6748928732000399
2.42837817956094
4.877297626544977
0.3978651016764771
4.511283377372304
4.895000498568628
2.3921597876887124
0.3062475624279323
4.55509023865332
2.784835426611283
2.8199758872263083
0.4482643703287097
0.4135166614988625
0.41436569921290173
2.446870775666615
2.4508633888745437
2.8626156189083716
4.909815517175732
0.33406685716937373
0.3232411792775647
4.915582132541981
0.3101981328020932
0.5993852279888747
4.515874471780118
2.3881432147542774
2.472624178916266
0.4471475357802259
2.475479929280198
0.4326538553269931
2.8227849036237034
0.6768287884037096
2.7772807591046
4.918808796642631
2.4435383648371487
4.633841294670485
0.3537568826170249
0.5198449138559341
2.7594511477700197
4.64870672345942
4.533487407508658
4.563981137040303
2.4353859288055237
0.6960655393214582
0.7308438120207263
2.5190871773043555
0.6968701567323632
0.2765569999011292
4.842058716215989
2.8406174120760315
2.4641140974023057
0.7409390390127653
0.39143645716815256
4.52194342272675
4.516998932122784
0.6368417320664134
0.33941740701083406
0.37102023146580754
5.019995577443615
4.521412260629253
4.900417561107441
2.833206707853162
2.362483229218431
4.551883386680161
0.3052464384061452
2.4237994019992835
2.8415048818325146
4.620203397586934
0.5560504020426791
0.7097767219771189
4.4815423757834845
4.925878300824475
4.635284675959452
2.4337747951609674
0.7925680998229858
0.7690518888937685
2.7657246612831687
4.587363009719773
2.3384086824635464
0.39021484088200764
0.7989693483498579
0.7710570410778016
0.7627296839660916
2.4730340157592017
4.90300425303392
0.565053338498954
4.863293451540118
2.3985847469973374
2.7859459359933143
0.4069992945006468
4.934852822357167
0.34298595760484035
4.87790963292966
2.888127727315565
0.29339791997175146
2.4034836522070386
0.7412741491620718
2.847025001460198
0.3270585301506524
0.7495277656423089
2.419582451167368
4.815495287107423
0.3659553473810999
2.422366369052271
2.3847337082349354
2.754012003120961
4.491875871602365
2.3923261568347614
2.7561814557427975
4.548568362410839
0.7765839638066582
0.7447016789896528
