5.765890871194415
1.541092463158989
3.6986112823295105
3.621895395101179
5.726404356472024
5.817329703424758
3.652275246171738
1.5786435703311619
5.744490627952291
1.5591510874073533
1.6071531600215396
1.5573974617940072
5.77966506173003
3.660034250738686
1.6128647939006724
1.5716409593332186
3.692227359676138
1.6031210678797398
5.822826856621635
3.6320201482511085
3.65730560216727
3.664402581584608
3.648039862850134
5.725460539200704
1.5227721123727056
5.735883905321252
5.796707196630508
5.6890231406017016
5.834288166904273
5.753726703144675
1.59222217355084
3.673409296981144
3.6349755894382505
3.648302656481914
1.537144893641119
3.650368056140865
3.6892949555326315
5.759936486632677
1.6150423067708264
5.773756557930554
5.772027395471441
1.5301244118133783
1.595580768498176
1.5287692250119007
1.5630309346259934
3.6835786554849923
5.776383750057213
3.6538022355001285
5.7574434502339225
5.748309057921192
3.6373000545349714
3.6709006218398965
1.6236293378810214
3.657211759437912
3.6270153800515996
3.652924641806468
3.643353397413526
3.6389473726659882
5.736747064382185
5.737063362522482
1.5272123139934055
5.679795870290424
5.79336909036452
1.560434484497009
5.751655727525487
5.734179300324702
5.775632407620822
3.6455157337589283
1.5523650501495154
1.5949212484799078
3.68869661557293
5.79198783454149
1.5178730293873883
1.638098692922302
5.7759643452272
3.676014704402525
5.750747699979388
5.775257333489694
5.739209829413049
5.713103711421682
1.5752054520642855
5.705549839817787
3.676703801777367
3.6811159945342506
5.801874743595623
3.717874845268021
3.6761639579773875
5.744295165252334
5.775304098450751
1.5428235504967518
3.6574021417327423
1.547544035655711
5.757413924917407
5.784399345506917
1.6037703502988445
1.604858033081685
3.625098175124988
3.639974316511674
5.750742883534957
5.7503724435437125
1.6020317796527639
1.6002093470785277
1.6019203553158552
1.6210151767093868
5.740734224194022
5.72549408493386
1.6269442869812982
5.7208038567195345
1.559012169077472
5.7219824608742975
5.75701684469979
5.739614837041884
1.547510309035003
3.689037013900099
5.727175929601598
5.820929452678813
1.5487278722234266
1.5832543676162474
1.5681508386699756
5.763836224283167
1.5712504648920993
3.662185028702752
3.6713489668544557
3.665597431891203
3.6537868832889453
1.588104059961659
1.5381877693966879
3.704004108110232
3.655409516154375
3.696031475636655
3.6816550108305037
3.699063102265597
1.612027442134524
1.5329499894858218
5.793624545293742
1.609312650610358
3.6012314059319523
3.738924926954917
5.758912935179804
5.782426738792513
1.5693808776558296
5.753866128992005
1.5516086322965985
3.704875376386232
1.5927406581168952
5.764503268684706
3.647036214881694
1.5723560073638545
5.761886806867246
3.6234462866057506
1.5535944324287767
3.6612554567431017
3.683707340608546
1.5707325451929948
5.821296441026433
1.5925512474424517
1.5684625234597231
1.5194410651747177
5.74136750449218
3.675090495933638
1.565910197121863
5.773055468564022
1.60518655961603
3.691100837979222
5.796619300490863
5.786838181795001
3.643970611290254
1.5402352916168636
3.669005204416446
3.684729656922327
3.6629489232846684
3.6931554556863175
3.6706968780787337
5.785434006360842
1.5501197523229089
5.755872918129416
5.785569347859945
3.6567007091960653
1.6102139222559422
5.744823702533753
5.785919058833211
3.713593260872079
5.770340387669079
3.6874925230155564
3.596640577772784
5.803468758649965
5.76899916410165
5.74421858817467
5.749579502613371
1.5969615215110946
5.7640561326911275
5.7746463007695965
1.553602572191962
1.5299162915314524
1.5643854527168068
1.5337393076093944
1.605172526845632
3.604580619658943
5.721884998242102
3.685385270593254
1.6173370897080641
5.745909879688028
1.5975424075982787
3.696901472862242
1.5288576709804604
5.794509093758597
3.692445305365968
3.6095091926396305
5.7715082943447715
5.7600040920119095
5.763891178437781
3.673918830677686
3.6239052257727633
5.779122862849633
1.5506257668121586
3.6525895709380594
3.6712932795636375
5.791804644229809
1.5433549246674847
5.7742872372179
1.6032272438160242
5.786120592501122
5.7501902482129275
3.625732376315295
1.5299419718393081
3.6352915105346097
3.6252963289094837
5.730554849251296
1.593670038457231
1.5469655172510994
1.5558461903542884
1.5711111754632145
3.661584351606378
5.732094687925819
5.692599979992552
5.767298857002505
5.802353122842989
3.655785519368564
1.5849348550365758
5.726854271947443
5.755442021849732
3.618870557898416
5.719851921433456
3.598070426216159
3.665736684134188
1.554980274079418
3.610229585109846
1.5469593002505835
3.6965176334668643
3.697732830062703
1.5500134449860834
5.732155499486469
3.6962709277308154
5.753300756700241
5.720667645340474
1.545859075651491
5.775312768691003
1.5658343645358639
5.749911315221206
5.718692305600131
3.6860989404868936
1.5780259094575393
5.755305323630985
5.750987708088888
3.7107502741041345
1.5510177121855153
5.776475565418999
5.745376898880594
3.6952650540395866
5.830306407466519
1.5369751912296588
3.70420205065231
1.6112752301595366
3.6597774759857735
3.6974103526226645
1.5557907633014127
3.6282076058967
3.6016041973189052
5.769263648060188
5.757556143270023
1.5416458369594528
3.65643312586137
1.5637087799571536
1.5424713009506656
1.5835007121007054
3.6246044818155734
5.727920192197272
1.5802580285481513
3.6653918941714494
1.5756463904870617
5.80785301990171
3.6729340660507237
3.6718406074556547
5.7475713253489165
3.6300029686063344
3.675344393440109
5.8104467712729395
1.5806545589111765
3.7160240055115037
1.6147210487737347
3.7323782058926387
1.5683919958313068
1.6095913172873826
5.748478862904948
3.707225881734859
3.6634103727148117
1.5690204745865595
5.786280523004827
5.804618590803699
3.7128450711099257
1.5935077998462635
1.4989582851752061
1.5580126666271923
1.5679584964827828
5.775963856794361
1.5776153484524005
1.626409933981406
3.622177950509211
1.581004588818776
3.6328922961666597
3.68389294142215
5.7770360300372525
5.757950534185476
3.660862209992871
3.6833074529670453
3.676780334031853
3.6405681682192417
3.639241318829345
5.685327045505207
1.6149598929780973
3.6764953822018174
1.5816753894823958
3.6778895988601974
5.72894319602582
5.789420432727138
3.6609838427451775
3.695300001944806
1.5654255496900467
5.710084418620767
1.5669947394329666
1.5644140127829462
1.6143038319110792
3.690715658271889
5.745895941179705
3.673486239989597
3.652879569417777
5.735997605977394
5.756675512693389
3.6836953374370056
5.769664949867593
3.5538638048097453
5.74975671479802
5.774431798147846
3.6926759266224143
1.570792385465817
1.6133869809149899
5.74130504271575
1.5272642522963733
1.5975174580496558
5.759552422813608
3.6634993900322277
5.798889921694817
3.6158935955744704
3.727824298046049
5.759066870710969
3.687503032784499
1.605164994424285
1.5973432276346364
1.5852604195712205
5.708551932465388
5.767787902957759
5.786072577567223
1.5299938318784192
1.5587540706285767
1.535541526680805
1.6053801183913436
3.6229744531816634
3.6887634494005703
1.5501809393358799
1.548379313817831
5.775898591828508
3.6644827155752155
5.7250710531724645
3.7191468903228757
1.5902872190568373
5.757233879978775
3.6946886585495524
1.5588833293618494
1.577067941744699
1.637520244458774
1.6030951770897097
1.554012166314541
5.755905481230253
1.5967935650769878
1.658775729296012
5.793807378641156
5.7433540431639205
1.5628984221607447
1.5968741772402024
5.790470155446814
5.797078611636881
5.733145399882634
1.606490054498102
3.6279018166598616
3.7123281466556355
3.633685450036886
3.68343231703631
3.66448230365385
1.5740344382852096
1.6133782301342912
1.5504190609972726
5.75033114781252
1.576365737294676
3.6723972751767517
1.5993968337868874
5.806429998307136
5.753463700707895
5.773606610066303
3.6938574686332273
3.623949671326899
1.5243912188721076
3.6870462413550475
1.5732156715920742
5.786535930898096
5.811412380630393
5.744035862457747
1.5986929258667941
3.6800592734550284
1.6492460321523237
1.5512257010493595
1.5673736347537188
1.5686868397397387
3.6617129976886065
3.6611742073006077
3.6803728532513453
3.701428128254993
5.774200207627944
1.5719466005342566
1.5528097439390536
1.62148337750005
3.6480657619365853
3.670978328845224
3.632729321810117
3.6520247722237738
5.7432990626723655
1.547041096288612
3.6238047874602626
5.705743991433212
1.5936642343392209
3.6466858242965237
5.76864819274773
3.6591502417728297
5.796134925425733
1.6046533988838245
1.5878314270155087
3.650270990514944
1.552032774474517
5.726793121794745
1.5911489410055597
1.5669739528453812
5.754410873101973
5.731028879146485
5.785441540811216
5.730133309938989
3.5889964362528697
1.5446182935665087
5.77429534509423
1.5724723440991948
5.748566635013048
5.7845874877870855
5.768923707577854
1.5755590378400726
5.775317582139331
3.641251062125146
5.74842677360688
3.648326843726917
1.5653827634683002
5.781353373257741
1.5587743355078003
1.561962991229262
3.6979770383647184
5.738888041425539
3.6338087206689003
3.698650373531354
3.6163854657778516
5.713679650526179
1.553488777058401
3.7074732503583863
3.720864590373793
3.6481992195021813
5.761048376399621
1.5926065868102244
5.798440095256898
3.654537789619874
5.774547498179722
3.708115432675583
3.6495901590352555
3.649436457461612
3.6677998468459654
5.756348858571361
3.6533019521924146
5.7616636324424375
5.770330900490902
3.6347734680408172
3.645908019823138
5.742688532960573
1.5633902137176883
5.751446039128362
5.810704707775465
3.6766087988320217
5.721231359501034
3.659551535217633
1.5942726555196947
3.6447843363528505
5.769303050348553
5.779330161621275
3.642713580527347
3.684768523501556
3.6608234639257144
3.7062739227518215
3.632073473935588
1.5545797049665007
1.5981602005882185
5.77270265851859
5.721367644466643
1.5533940140648543
1.6004366398933898
3.692458469819517
5.7570467440744375
3.626348576361648
5.869285759297192
5.738879990507015
3.672707189982363
1.6051055516018333
1.5347935482015098
5.7368142414174335
1.5835397308277508
1.6041458654974101
5.749376735740944
5.762344459694042
5.74203017186503
5.731577159001853
3.6327498484273146
1.5943455252697705
3.691494541448417
5.773648780800325
3.7086863779160733
3.660651396882682
5.790372517452065
1.5794391253417626
5.701743548830663
3.604198189792809
3.634537775383032
3.7343558174856186
5.732230942763134
5.747067088212651
3.6808809017241924
1.5520491337524367
3.633479922109457
3.658258730346628
1.5372021047747206
5.7842336187314585
3.684421399982658
5.702117157932072
1.5802952965991413
3.673710263090639
5.7820753079387845
1.525571154557429
5.762027018512402
3.643293229084147
3.646437727890546
1.5497126233779677
3.64434877938373
5.766289324967916
1.5363376222608798
3.6985703717420013
5.730405178716643
5.742979017549192
3.605221856698149
5.750111688385135
5.767325441301034
1.5895903039079875
3.647993150158887
3.6377709484803513
5.73319662492049
1.5365855397847485
1.6164743664434693
1.5098947965297493
5.726073219380721
3.630171549863807
3.730928374139591
3.6611691869119536
1.5884651667337844
5.746971533035945
5.774390320141437
5.763225126683981
3.634877445703354
3.6541953152989683
1.6035969012391647
3.6836412898929027
5.713673112082133
1.580733958958144
3.689240995593729
1.5879123292384398
3.6756289213657434
5.764546193643474
3.7174954582938278
3.692925523917457
1.585742207277545
3.7215755427171686
1.5391549025272369
3.6423319989619745
1.590243898541541
1.5871162576876316
5.753611900428329
3.6657832964216226
5.679864062623815
1.5781311156347881
5.751520206294905
3.6633722398738384
1.536300982097977
3.6703111817987275
1.5580395769023359
1.5429003141752453
1.5624719881078941
3.6473385598042767
1.5524964755740949
5.73942465087433
3.7187474836682015
5.706794626415251
5.731443546478514
1.5747475495679377
5.767595205199898
3.632908972501616
5.704780095612976
1.5423712993090186
3.7210776471924003
3.5941956923741554
1.5643981012593184
3.6798003821725294
3.6607972609012114
3.6573957926861143
3.6211694115048867
3.698557080277462
3.641343813715316
1.6174430906348896
5.76536834764382
5.700896773063834
3.6637529732808343
5.7378740761789
3.69818131113357
1.5622781641582724
3.6775396899548927
1.5745653567045323
5.818214023428591
5.804823014039333
5.752322489039618
5.791733633790579
3.667222370952831
3.6084660297801747
5.735822272443596
5.806356547221361
1.615570141634433
5.79546084172275
3.6341445659952156
5.766611083329627
5.786745667796295
5.76682854750749
5.785031531042338
5.779238955253185
3.6702928917065623
1.552960345398096
3.668246802334205
3.6666662988744134
5.772130354234746
5.763884947857177
1.5512991407042271
1.5651339921497036
3.6832298689071408
5.759616986218461
5.7062830165111205
1.60370556676867
5.777183417266088
3.698164854065483
3.6997113579446945
5.762477495395612
1.5313064990819512
3.682689095726234
3.6827801805856737
1.58631463028395
1.5693499404219424
5.7328501475406854
5.8094407600539935
1.5826765525227096
3.6585658051024037
5.816649151329621
1.6042573543057461
1.5170866881357388
1.523802660029468
3.633045709738003
3.71406523504533
1.6024306838812499
5.752289999581046
1.5501570740779749
3.70348938739551
1.567134258659123
1.5766903264998988
3.6577487596551452
3.682015145751226
1.5384358003770453
1.5717514714817709
3.6640962486193884
5.805414987556604
5.788507354936215
5.761068859941479
5.756697114810438
1.5606973595873863
3.627014496376744
1.5870429921449363
1.6106915050383988
3.6417330169554076
5.73768671691932
1.5244989333506898
3.709841901096843
5.793355083811887
3.6614823737019355
5.755909241628695
3.6535197556529364
3.670581513540233
1.556389493852252
1.5712045626078814
1.5593149502703936
5.747877872924911
1.5510605141977765
3.655886019601839
1.6058034427440075
5.741283027490117
3.6467903255453966
3.651768607662424
1.5612647631073653
5.701880596024082
5.788705469889475
1.5787606353412578
5.790471118038241
5.768053503945954
3.6604322624693095
5.780881962031955
5.741591068821758
1.4818080000597904
1.5636499737611183
1.4816309547041429
1.5429459036904731
5.752010441772006
3.671490169746343
3.7112613265728434
1.588956018370804
3.6241547614451686
1.4640007535035613
5.770206980079134
5.773397115585495
1.6017995514861232
3.7053392001630336
1.5930059786352024
3.693715001623086
5.745657811779395
1.6079403226946405
5.774899700223182
3.6982298090178864
5.767734202366963
3.6939185909976744
1.5949307416002583
1.5742267718164382
5.771500241498612
3.620577475697839
1.6403511059732647
5.794452294200321
3.6279899617949094
3.624863839722815
5.767949029458213
1.5832359714368025
5.733927622983077
3.6706117218020333
5.681529251318227
5.703042926144045
5.743459168999767
5.785515812860259
1.5435915369982602
3.6840739628911265
3.6444168334737816
3.733627005370003
1.5054820995551448
5.772969355399509
3.6907427529653307
5.711175014870076
5.782404143364554
5.715710976618439
1.5930755394594638
1.581004085448909
5.730099417836101
3.659366863904326
5.787956693129974
3.675150718425976
5.756962555454952
1.5595236963479313
5.783846049449833
5.774421969032495
1.5845322261647528
1.5943554799473278
1.5307380520617575
5.755922297410225
5.764737040489524
5.708607799213599
3.690330345763645
1.6432193656851535
1.5471988801475791
5.763523017694565
3.672709308007637
1.618349271229694
5.741523540974684
3.7069220473865623
3.6380593094479416
5.7341758530444045
5.750774351541319
3.609580010432734
1.595521907178044
1.6206442078370755
3.673463452008071
3.6099076502780862
5.732297175920932
3.6674520928678995
1.6042530640429737
5.738819672835975
1.534143174910776
5.74798561152783
1.5211220524722877
5.758670527491749
1.565689936469276
3.735890250631721
1.6012042819813561
3.676577497084602
3.673954958374215
1.5837240660313618
3.698002543969963
3.676337793501638
1.5987195325056047
1.5459705151065974
3.656613782389261
5.767495084290092
5.776552985746688
5.786221886323723
3.7147234025038456
5.783505700707158
1.609905870035134
1.5874836140863273
3.682075963309435
1.530955271830206
1.5549665887864148
5.752413239556454
5.7471304540788255
3.6562331524606275
1.6214206398962587
5.811204726740591
3.6712068430807605
1.6028605586678826
3.672755673597365
3.6293005071702438
1.5520219558714472
5.863701762900398
5.7342161109123495
1.6121638539639176
3.662056915108851
1.5892109912236225
5.812611679206398
5.770423205997059
5.793479607920883
1.5544597290570634
3.6191383940054496
1.540917981670848
1.5708930564196844
5.776565925845913
5.770397146042182
3.660831971663673
5.7380046774892985
1.608615768194536
1.5379255740546056
1.5906745032156775
3.714954913608826
1.544221656852768
5.759832894534614
1.4950462017403225
3.6657125685863448
3.6438959738574384
1.5938248399981485
5.79375667971021
3.6396489875826368
3.6425057630359396
5.752825581762343
5.75860757323347
3.713009115284254
5.788350568370537
5.711978994196228
3.702994102999403
3.6371925943453074
1.5733577793377291
3.6785195640621984
5.792137986553731
1.558501924791438
3.6753233187457677
1.5768572051898349
3.676271924427545
5.752427748726405
1.5800327754483685
3.663811559083999
5.7267203313640955
5.7461864397347036
5.7851974969511595
1.5534900275954562
3.6801346915719404
1.5316942422638804
5.744922559590383
5.787553151948276
3.6596445096738215
5.835123306598804
1.5016703797601108
1.5183773850305176
5.764519201357317
5.745958182585349
5.786872892315469
3.669763361434054
5.8030598122228225
1.572300926636117
5.825276951568988
3.6499311326812207
1.6242773128793435
3.686546997475889
3.6069820207508876
3.614883244989283
3.6425257849459696
5.765677849863168
1.580636233115169
3.6700164705415856
5.740457881753812
5.786282953262163
5.721224627548972
1.5309479965088681
1.5613791931896797
5.7499745138360785
1.586492084456034
3.651805683439128
3.674573446981416
5.791190322148162
3.668878658844145
3.6102571459094337
1.590059717006894
3.6413647474455337
5.7866447695624
3.68704118793538
5.733866963483825
3.6221108485835836
3.706003642101338
5.808397919114072
1.5957867316142686
3.667231332050946
1.6037308115593765
5.724990395363268
3.6741566276587347
5.736120145557907
1.5786320775650906
5.772163980152249
5.727613985921743
5.804074139115098
3.699213847689909
5.7484946372590695
5.7937592292743005
5.679116629213525
5.7355522121230855
5.82826432547213
1.481670174801159
5.719181110937429
1.5684439436035698
3.7204258386780267
3.6422729815547465
3.63735137525464
3.650953762078861
5.8065278720256766
5.737701990902631
1.5721861289792343
1.5815987264441786
3.6754806193149014
1.5467284486168253
5.767807587270574
5.764577732416565
1.6052681569121012
3.7094572256042313
1.5889676173108107
3.6341709505151143
5.769669209117571
5.749469665061932
5.787980392406192
1.5205034228093104
1.562258325306842
1.577960116296166
3.625662073215599
5.679405312897934
5.792015520519544
1.5528320478720905
5.810127585423186
5.77570723999096
1.548106788410772
5.743119901073053
1.621903134953793
1.6405302161035085
1.5846993479829838
5.721560424847771
3.684478682797506
5.776195648969114
1.5761190529746303
5.775389421233133
3.675503881637488
3.654552293499126
3.6183589041179682
5.737556885706011
5.75057377697404
5.828541731717997
3.589125493110366
5.745743284997951
5.752653945311119
5.803870497361397
5.7774152979319116
3.640086387015655
5.763232620126851
3.6841718877882057
5.776344344073322
3.6432102566560176
1.6074428858732723
3.6196668797547233
3.697182662361266
3.646268035672074
1.565956372340188
3.6718982366489312
1.5698095741822673
5.820700229412037
3.6809629315245385
3.6051717923196547
1.5612970707561695
5.740463150650399
3.741048274939578
5.750622170993533
1.5480540102149365
5.742681866028832
3.703867605957699
1.5666412110370609
1.5366101914949044
3.662776435289439
1.5588913838900742
3.667388289785059
1.5941600584756146
1.5836144776205037
5.772026772838599
3.6564482173091255
5.763409232304785
3.681602549169038
1.6215509896055755
5.732396175161542
1.5940067853774567
1.4923067782536226
1.595134930460199
5.762245369650631
5.717455594169647
3.676267141393491
5.773294371162519
5.7553958631008975
3.678301274167361
3.710467284616763
1.5475536224867716
1.6223923567968344
3.625012919918145
5.736452474221793
5.779861796885885
3.654306525977976
1.5505764374658844
3.6918759364075084
5.772159085537392
1.5597996071761986
1.5440719528458198
3.6565030538872114
5.789525559269536
5.750226949109015
5.762766510891105
5.777096263382778
3.700506014702808
5.750034603492695
5.772208471191142
1.5443993815603658
5.765233980519835
5.786804297560731
1.6106003326882337
3.6540196507091407
1.566088949880915
5.777699480726594
1.5431708216431859
1.5424162539427706
3.6344071488776977
5.787988687662834
5.7440070818842015
5.797158984083744
3.633446795950738
5.740008879186394
1.5755374245423244
5.798407298446187
5.756777858512744
5.811139390765641
1.5266281174109855
5.781402066813953
3.648089916103594
1.5928012180865936
1.5369862209719818
3.6225054366444494
3.6905130016680636
3.6924578978468703
5.783648639030567
1.4797309996597616
3.720805563552732
5.744367229200666
1.6021456004028107
5.786758370242147
5.698542590904097
1.5876957203981679
5.8173279944933
5.703665920773754
1.6030327199411594
3.6486056883315574
1.5599675066586327
1.6088567716917268
1.5473774992608036
5.7597447374762
3.641996995035662
1.5872173912479801
3.698676508408791
3.6287293978595883
5.749446970384911
5.779884803988876
5.744071432180611
3.6889926197995977
1.53154445240998
3.635568944076868
1.570303255838483
5.7232735612843575
3.669880894310506
3.6662321671387526
5.754079198920311
5.753733534835392
5.752665017274167
1.6114250341968663
5.789126504419811
1.5762725585958353
3.6492326982977166
5.750996098871292
3.6198130428017796
5.769327909172934
1.4994444537253746
3.6958507582913764
1.5502081510421135
5.735578283047665
3.673854747974918
1.5917051437350564
5.732199351730387
5.788642360610443
5.7471621967583975
5.773985321367953
1.5857650948505786
1.5456154636749633
1.5958679351184468
1.5977349433119836
3.6845181412213637
5.807249834279431
5.744747516553841
1.5672184945755656
5.7462581994625666
1.5339882613871927
3.667578855446656
3.69125630732379
1.5784595007958546
3.6450280825050796
5.722528525259986
1.5757215154737125
5.7353673108785515
1.5421425597275205
5.7373197180292825
3.682957917036167
5.79683776214534
1.5427477251615422
1.5315793388088337
1.611689349816709
5.711954919844786
1.5892445847377248
3.650484986165442
5.763676695156686
5.76062673323888
1.5716638348045358
3.656647703903724
5.7555654285794855
3.6958465780811367
3.65196815316234
3.709982462883606
5.766968570109053
1.6161678208358219
3.6060351721458943
3.6662173989671114
3.707427832623724
3.689366480884494
1.551583698639159
3.6663240491434737
5.833452244238941
1.563064839033639
3.6468378577321343
3.6445817740854287
5.801212789837616
3.626919832370582
1.5982387050183513
5.737486931522301
5.795158954128994
1.5621210171764575
5.769479451968458
3.6424530490329166
3.67474773248368
3.6671400202450837
5.754702229622892
3.680982614968338
1.5954260783762593
5.794429589689033
1.5117877969835072
1.5812694351922079
5.848268289203511
5.756483863484636
1.6093006031398613
5.745536996617196
1.5925414211682392
3.6294270529524746
1.5654606265160433
3.6599794981539313
3.6463405972294765
1.583414506189321
5.823902594899586
3.6725270865985435
1.6049996315634565
5.755556753907614
3.6975402137518754
3.672318547280658
3.647804587828207
1.5724580742210112
5.751280140366896
1.6030070152758589
5.795864537110861
1.5889332327761048
1.5815581444020304
5.74415479311596
5.767087312385516
3.6400190526996394
1.6103285179035849
3.674278407808014
1.6208715214884164
3.678716531998501
5.71147364023844
1.586216753994841
1.544019240014097
3.6602115703572053
1.5935456904330052
5.743560296781759
1.608485393783444
1.5888156761269494
3.6393335618964753
5.8000237391386555
5.795382909693255
3.6372645043017706
3.685110894443115
3.6800962864616853
5.7218206283696516
1.5854437455456505
1.5668169591863572
3.669015115225923
5.807377859624321
3.6378256504575
1.5717100903264747
1.6004748630363381
3.669802118700331
3.6833881284292738
1.5929810442306263
5.714498947939012
3.656457764945717
1.547749171228157
3.6464120169802903
1.5739530154450954
1.5589914020669335
3.6306605049121377
5.756112523930485
1.6396688968733173
1.5986449712427755
3.680257272667715
1.5774021079746277
5.791393389213355
3.674473229128136
3.7001486026300836
3.6388874379633314
5.808248744680005
1.5571490916542463
1.5708644020347935
1.5628030301305262
3.6874184872554383
5.787827185080591
1.5290991921362864
5.771428897496634
3.6510620958301594
5.758580667829227
1.5350165886508234
1.5401305651895882
5.717312107199041
1.6030982933439217
3.6982150859539042
5.776716614907718
3.6512434496928394
3.7023401621510836
1.6155919116019288
1.5471868359578687
3.665068544994739
3.7197609413762005
1.580356167729125
1.5241752949788863
5.731644255029171
5.77456944141151
5.750920981955592
1.6039894135405701
5.774653977924118
5.796429416486121
1.6042428317064363
5.766930624794193
5.7165789218612515
3.698173150998367
5.758273913989407
5.758112399808711
3.6385577546631906
1.559937849402701
3.619963088918085
1.54840768591894
5.699661447612321
5.745186047775222
5.780412457526734
3.636242278530909
5.753830313303663
5.794799826877881
5.745829758293953
5.805880334198204
5.778257781817591
5.771282041695434
1.5874525754476774
5.73373194283701
1.5248066696897769
5.764036165121444
1.5663733800242787
3.666250451347606
1.6111296581749954
5.749600811794277
3.6799847147931093
3.6861365336253518
3.6543082599638455
5.723982070426672
5.783077528595959
3.6317145753699642
1.527085481076566
1.5270320515020517
3.7078236591466047
1.5109277588519545
5.738694513765167
3.66132174592778
3.6756945642842203
3.700712183428737
5.739596536302756
1.5875628302459117
5.780124433658688
5.751076362988394
3.6380861211084192
1.5340785928687595
1.5816524881309948
1.555365948456389
5.820278584118084
5.746467591785395
5.770487407693574
3.671215033797443
5.84317426549261
1.5545260229962514
1.5634987083376815
3.6265817831382283
5.731018314425743
5.76512226041623
3.692814902719308
1.5312779924718076
5.7572318063502514
3.681676997117366
1.5759764685222755
3.716886821097616
5.7531421585821985
3.6346215903221046
1.5546298663387979
5.761542822618003
5.7463100428087115
5.772588546301298
3.7035441852901507
1.5487515155446396
5.767822868479354
1.5372151714044562
3.639351854760891
1.5361108784982298
3.631529842619056
1.5099997432952033
3.739234583171225
5.732310348488182
5.734479223701217
1.6362435407249496
3.651867003889542
1.5649127056531822
1.5806602805236212
3.6662625273984215
5.762521589677758
3.666652502241453
3.624186264480658
5.785529883643697
3.6557395706539793
5.764282791382739
3.699448685034786
1.5897585375395618
3.6370772682922223
3.635863788715198
3.7154332093864677
1.5909909905271848
3.6854645859115127
3.6809747232158214
5.6843298546730185
5.8227999412562
3.6645751867174954
3.6857705746371456
5.814219433895676
5.736928505519638
1.558178835801531
3.6473709314573806
3.6544773167154485
5.8241173484566575
5.786580052952015
3.6391911864376323
5.735951782191042
3.7215458171811218
5.782436696424737
5.812988991279906
5.725301372625145
3.6258902035305662
1.5684247031744625
1.5585926215817971
3.7232984981934556
3.631160937962265
5.751522413796412
1.5797368765984499
1.5426947883150701
1.5727411378098868
1.5612668483792762
5.744624273187113
1.5574052364068316
1.6042391352867562
3.630720768759406
5.722214350196362
3.6474441086635303
5.725342333231042
5.695390636396921
3.7127303064748465
3.6592045878813058
1.5465959088890493
3.687902305397009
3.70639374344402
3.6909183620066988
1.600641424353968
5.7352497445745705
1.581972112163836
1.547726675312806
1.5865756882421387
1.5999064430228422
3.704506255184232
5.787933467647796
3.66666425565601
5.7358710979410406
3.634036147635985
5.80592707613546
3.6475871127674035
5.731397246255321
1.5890415580629327
1.5074118824570206
3.712488457618155
3.665873252065283
3.668062069829335
5.738820073502115
5.7486012532106
3.69802028583667
5.75233096265928
3.6594390149107068
1.558556140282402
1.5652544070409542
5.775631380729851
3.6622820495320623
5.7103615849993306
1.5696214452042343
3.6722605288108845
3.66375762865409
1.6049152953616468
5.818585033059742
1.596082359126862
1.5282731784431038
5.764457519915321
5.745099864566377
5.769073272857426
5.751850599712954
3.6557806569665248
1.5166626036316635
3.6618266509557946
1.5722166482520818
1.549647763894261
1.6402428562811737
1.5657565844632533
1.6372694068930502
3.6377169504076012
1.538920734733483
1.6165628239489362
1.5727621311860642
1.5875671787843468
3.6695412796152356
5.690838461855611
1.559893734958661
3.684155163784953
1.5541037228818908
3.677309094100843
1.5760209544564332
5.765048611113602
3.686248117462395
1.5955293354687128
3.6726041076519214
1.5332946137312837
3.6626593094709765
5.798092294938754
5.700575548716501
5.719886763287239
1.5411997206642232
1.5718062757796138
3.6862004693276806
5.716229078072296
3.667213714455796
3.6690218996894837
5.746215759325223
1.5512580472329465
1.5808769506005391
1.5804680644921332
3.674992686270598
1.598002722964314
5.761909545672396
1.5591918949452723
3.6266449703647057
1.5177624281467226
5.729972962260005
5.752261165558695
5.679519420371458
1.5702585858615459
1.5315236169873405
3.6752445792470043
1.5671163037169251
3.6773105822618275
1.5798134114104703
3.655122910735261
1.540274111435398
3.629054159381386
1.5649896970041928
3.6835876411999307
5.7551720661378765
5.785798938212002
3.715820838778951
5.736993547903814
3.6812120923581313
5.777573435009617
5.76408631160688
3.6428487118768
3.660455074226957
5.762733680718849
5.826385334234862
1.5894839931074716
3.6916612822907733
5.741183836896079
1.5674093652008336
5.773325859492386
5.778850727079946
1.5518611985517663
5.758418435855727
1.5610320095398103
3.6592869791793277
3.6591550843785385
1.5459012400264167
1.5940466562974818
5.78241493201996
5.762015164528313
1.5978052844956818
5.73172445136752
3.6940478245851445
1.5888654548644967
3.687526988050853
5.771089106928013
3.6196972915514913
5.737630074732533
3.6272500011436004
3.671268587578278
5.703459604994875
1.5572576007569725
1.540284640816941
5.813344028638056
5.748482629133743
1.5074630630540673
1.544615904715649
5.778554106612054
1.6102448162191167
5.762433779903904
5.760884577483781
5.724250692984087
3.6050307754944213
5.758823302069337
3.7136018976977234
5.743525516979729
5.75258655323136
5.706556335148541
1.5976742731789777
5.759533956852801
3.6802255136729505
3.674420283348768
5.793938584440193
3.6296966546483462
1.5780789090769993
1.5866420640784789
3.586440106382225
5.767640736668012
5.739709980382764
1.5552870566502233
5.761447064873273
3.6646452641165297
5.813511656091507
5.670982851723705
3.648562461385235
3.643498587674624
5.781867925748357
3.7167595957225985
5.778739899080715
3.6701112144916506
3.632347310200575
5.690794520777723
5.703734721087942
1.5291913246138873
5.703512624318275
3.6635948320734215
3.715964583758885
3.6268924367045794
1.5573756727086554
3.714324673683119
5.802047467505187
5.790764315583849
1.562837330331134
3.666981519072026
3.6536838111506427
3.662676780311714
3.684921545453407
5.684823591900193
5.771239393392717
3.6249718217836215
3.6178867357693076
3.6482045972989336
1.5628655249879477
5.748380765587492
5.76429133757812
1.581107524913643
5.810122994344077
1.5425712488846228
1.5540917383455028
1.5846528845069379
3.6452589107277604
3.6727941885511024
3.6702316325638487
5.769962013904336
3.6127858921352107
5.828210817397046
3.658483540046924
5.755706465279691
3.6534335968165697
3.625049779650141
5.753189691378091
1.5901815064558826
1.5204584692749499
1.6123519384102116
3.6418601575818337
3.7027759727557803
1.5432899696413585
3.6597159437601094
1.5407508789109752
3.689049243269818
5.773683607884077
5.783302715067914
3.717112925973772
3.640026736879011
1.5398667822677123
3.6928437498681563
5.7566803103805615
1.5335958098877671
3.7489912025012693
3.691620786243646
3.6424297797163026
5.784059421201379
3.721054902331246
1.6068364136432587
1.547833607763853
1.606650207357934
3.673581899864322
5.726615065951723
3.648936219208879
3.640991394071017
3.6249843514811215
3.6438536947314524
1.6156945890736716
1.5832172616940985
3.663043441966929
5.761940290714185
1.5977467293838705
1.5880183873973377
1.587916384653369
1.6202036518962157
1.5232898962668056
3.6124848460602728
5.793075901157201
5.7777390402599735
1.5742816289544892
1.571272184621309
3.590967020026106
5.796906304066934
3.6629484256662836
5.738032385822601
3.651540398756302
1.5114036757147788
1.578423372877921
1.602259533331495
1.6386614737926948
1.5782438972094475
1.5503228653696088
3.7015366705699457
3.6736841280013532
1.5941657326936043
5.763262387000187
5.784445077239865
5.828603444677795
1.5693635387822946
1.5380572643971502
3.6850661833470744
3.6628341835556797
5.7704421467162
3.6841692157212096
3.671571217421859
3.6634910506518903
5.752245191103933
1.587217102770555
3.6665928497829254
3.680654555573378
1.5236580094295147
1.5388815268308598
3.7274003585766984
3.661528275329757
3.697071069514996
5.676018987390971
5.794246320831316
5.749704239326509
3.641306576473857
3.670854808351832
1.5587077756449177
3.6613943186857707
5.749762655327664
3.6210251357643934
3.6450696100838758
1.5844520981123902
1.602908298411378
1.600563777537387
1.5834228342815768
3.6854060456720115
5.762958603936424
1.5585784767178066
5.712413287202105
3.6583404606693346
5.784729999877963
1.576928604138672
1.5602548490694175
5.801906738347209
3.623493067314651
5.725974295552478
5.703211496960715
1.4781209799165846
1.5402991329872053
1.4978460044036992
5.804289560700124
1.5991276705952804
5.804515514692585
3.637459123808377
3.6517843741935043
1.568783959953465
5.745648118658451
3.6541217013543728
3.6599397583093713
1.5825441151171025
3.6323701828345105
1.5909126158394313
1.611795627005213
3.6740726406030415
3.6702753130522834
1.6073693935344995
3.72693474194899
1.5370413754984444
5.762881081813936
3.65314694679141
5.830850575130522
3.730053293743166
3.66854263242088
1.5796999446903088
3.6587881447277777
5.746167941267723
1.6072400159387135
1.5873138072286062
1.544014206421792
5.756160289390166
5.7339120274173245
1.5971523922126551
1.6314646309421623
1.6178145623401958
5.7321719038369565
5.783185185895632
5.753889736126241
1.5946083960548971
1.5530672850371108
5.76947252822293
1.561266777185954
1.6118919309610646
3.6375924503815065
5.756147173421362
5.746148811694053
3.637391085185324
3.6701051483290867
5.735254491819107
5.751836790445085
1.5668633646688024
1.5974270242989692
5.7312572671048265
5.7604110424006265
5.772895727521912
3.609788141456403
3.6334190231039347
1.5837111239397428
3.6616266123512116
5.769050878814723
5.7871475086367665
5.758597558759293
1.5290338416658527
1.588255419824233
5.701406023441316
1.5893541478750342
3.686300816966338
5.7667817765877825
5.80890049993301
5.699804832325718
3.6282369427708576
1.575261239883684
5.76846951794541
1.6107007795412593
5.764285454332375
5.753419817573438
3.6333239720425445
1.5825318415444618
5.780108290006402
1.5649115276819363
5.75878857107763
5.707650282098867
1.6021366844800253
5.764712885168009
5.714271777019102
5.711065767932667
3.6796971460550822
1.5339125983355586
3.6451303828363355
3.7129858007950434
1.6017216819518434
1.5736237162184117
3.6773183486708323
3.6600480646607916
3.678425426754953
5.786804104066076
5.758313941708145
5.745270955644026
1.5731236954956827
5.755000275427758
3.655062187632221
1.5212600507268799
1.586263672069704
5.7497236648484815
1.6093832325795883
5.765078133395683
1.565542057501752
5.709000651276987
1.536210386559457
5.784591563623978
1.5882145329560375
3.6384288346116405
5.760665799561649
1.5795618522483728
5.743685738462516
5.800692634710447
1.5778050231748457
3.6846361980303737
3.6226884134093287
1.6096149968316138
5.766834595163992
1.6120563127190333
1.5653929342888722
3.647681789423595
5.7408467976360145
3.6475106930265997
3.6501311462476136
5.762496024579827
5.7552323055912895
5.774420396783461
1.605561279832616
5.759362092210136
5.801045694120826
3.6697150041243747
3.6224647592619603
5.775124430252292
1.5759975323322268
1.5492927245897028
3.6748034280669257
3.675775043892852
3.70897922558495
3.70486587125354
1.5621551425754456
1.6092582498512247
5.7988003855812975
3.665963586998543
1.5832015928601009
5.7434501578388435
1.5822487664940872
1.5862626118680825
1.6196996404006314
1.5764893632514032
5.800506404279594
3.6209027788872805
5.778882012599813
5.752996761955559
5.737934066960614
1.5838525409298114
1.5893941146374349
1.5554216135581906
3.6586501564987737
3.699316734604835
3.591874888748991
5.741080678982207
3.6544563078905137
3.674561770439415
1.5649802690991654
5.752307070515436
3.6529553072327197
5.734887990794817
3.6706908596154175
1.5689148319539954
3.664925811888942
1.561029295305229
3.6536694643481122
1.5343100549372792
5.805098179680813
5.766037568751782
1.5705284322776745
3.646846803746477
5.762570564886221
3.653577437930717
1.5667882229925914
3.685475653523186
5.765452809248673
3.667035716832846
5.78110323938413
5.777688143459092
1.6013652509759724
5.729021816371103
5.775427122230067
5.712028969480116
3.6696802421900827
1.5726297770403725
3.669487365184856
3.654937262753995
3.6833290562969294
5.781409703330461
3.694720663371167
5.763997321984157
5.77690883258492
5.726835530908511
1.5661253226257585
5.745571915691798
