4.968521099367874
4.446620174118363
2.8920332924321257
2.84319922487535
0.759606310165772
4.474188070429406
2.3690645490523052
4.945509339246342
2.347290334291765
4.95190661344647
4.945763425131017
0.24603595109747556
2.367757610339972
4.48355081780045
2.8516144632027145
2.835163246725868
2.358867611781602
4.951411325216041
4.4785352109088015
0.7882195330775008
2.3379775238014937
2.860850237662848
4.4658183903565005
2.837580244737131
0.3128226354382596
4.507330800778216
0.29603962363460445
0.7648670273905791
4.435476184913697
4.439441152326564
0.30448006441432757
2.846174076307908
0.28089098990413547
0.3087777232892637
4.455828684030182
0.25277089427889454
4.40928135228485
2.872433675736519
4.461392403134258
2.859596643185254
0.2559600944503809
0.7529772702927326
0.7721636383929922
2.8490064065585368
4.919924385726294
4.497263666675126
4.945048906391332
2.3723133172352857
4.406015252314618
4.4932327073715665
0.25680951811589464
2.3967629045108834
4.472732212291908
0.7897461310541918
0.2507675381783231
0.7783279524590294
4.965914251870285
2.3770813732596454
0.2872435141029946
2.384682692113076
2.397552148595955
4.4662220844521165
0.2952801188710682
0.7301963799582004
4.973391728677693
2.393956016144639
2.8891608177409376
2.855727112798345
0.27326941961625556
0.28929837863446267
0.7765942551898608
2.8392080056931883
4.983402053898973
4.480188004692268
0.7597360481740982
0.27153600025478947
0.2984749164141119
0.8280722537647622
4.961039158711873
4.957822888635238
4.960798971070261
2.85244233333302
4.9533515756100766
0.2540602548617211
2.8955069059898473
0.7437417662400247
4.931998081467672
4.933671617832735
2.841138328109197
4.963207044897301
2.8191780364411287
2.783527056900468
0.732499507145425
4.949230091313174
4.956794351931763
0.7186530917656799
2.363822329240451
2.3604588298485925
4.456680560075202
4.945057553980094
0.7468793174927479
4.957782725887567
4.96813136879361
4.474815609610143
4.944032730445058
2.4094050608122677
2.893114764257823
0.7720975982521018
0.2711419949410054
0.7902312203505111
0.3030925797654799
2.8937799053605784
2.867260927404029
4.97651809496441
2.8834159983529934
0.2776345728877159
4.49710319824521
2.876853085945633
0.32215529371977425
4.444887720767218
2.8501510039889326
2.8662649875554598
0.8004514952950657
2.3129165337267303
0.28463710622600985
0.2736377277240019
2.3595102128734036
4.446417248946816
4.493148747212385
0.27027224146758505
0.2938068156640382
2.386028220173866
0.7949479669425694
0.7815469644857092
2.3768556202642457
2.3442127076901977
2.8351849787866805
0.8141026016563023
2.908238991210008
2.375722524640673
2.8647550256187664
4.479230856481663
2.805471559449612
2.8329422149425834
4.964698393367282
2.869055442430746
0.7505169952386328
4.431784965493629
0.746363819721859
4.95635605956691
2.8249558736941762
2.3693410740277043
0.7699465617813797
4.922042560579387
2.8591873628883078
0.8258657620544634
4.957470676756612
2.8939239182465224
4.479290981038957
0.7585253736178582
2.837576742051898
0.7727037307756681
4.463971451238115
4.982000324693096
4.489554530616136
2.855827681775442
2.3595086594797445
2.3446042551749837
4.477917371636928
2.8805824902883335
2.356401439517703
2.386179698349654
2.888435203463213
4.959307974646424
4.965548909910948
0.28436834529742555
2.3842831541889646
4.985493291659322
4.973653646090422
0.7715546709781491
4.469877515165742
4.956027237673273
4.4301765211794475
2.8683086817996664
2.861179125989316
4.470150056503501
4.973087112146666
2.363839542106001
4.473971618489037
4.984625789682305
0.7801149331360915
2.8844953275968463
2.397538801134878
0.7788722375414725
2.89071453863654
2.378114841354021
2.3776081799132913
2.3570843966732746
4.922159598579305
4.470200535008515
4.471758324220347
0.3020879495761527
2.8585009037528284
2.327931078335313
2.8580864875087286
4.462907243767333
0.8083730998569503
2.865232400535864
4.4647983178595245
4.483470817031606
4.440359943028817
2.833601310321808
2.36189778307102
0.7615873512633535
2.3961971265249153
0.3144797521850604
4.940110420262174
2.84810068453952
2.877103631574544
2.394218234634766
2.8772290029170597
2.3451916955682877
0.7714468101966645
0.26094696096798414
2.389318013549633
4.993036061804099
2.840662213827806
4.452535609147245
2.869383559951354
4.953166464847215
0.28356963440844
4.9704118568456925
0.7354721365102583
0.2808601198562282
2.421291405763223
4.935330930802935
4.992222483860902
2.8467518196620736
4.436117270501136
0.717695048209211
4.9568755767724415
0.7627016003726347
2.3902242416002086
2.843024471644843
0.28304331938256105
0.7610298833914111
0.7903810387781087
2.8395658042428105
0.763152528358147
2.85169226058584
0.26358126554415595
2.8541077195365356
4.976264058765784
2.4012944078359175
4.483882374093311
2.8798710821213858
2.3786394105882236
0.7355060271664535
0.7618889191233897
4.469533026645127
0.7231572617008803
0.257675866800324
0.2663276970197989
2.3448172921807675
2.8483913358257236
4.461385288887991
0.789286660764317
4.970365352785569
0.2660791950624061
4.981745898463957
2.8774364631814278
0.7430767735371275
0.31537363355111037
2.8618194483477604
4.973898442768363
2.8440882414145072
0.7909978486356659
4.459549780826867
2.3585591555005996
2.3692002052478314
4.929864886022962
2.403606260187732
2.8483333468603425
4.523213747507521
0.7880639141238457
4.943242275174873
4.479147025594183
4.993226485319723
0.2696215933647828
2.8607518088806296
0.2811585313189658
0.7692076738102448
0.24780569312770162
0.2846028452117842
4.5081553147221545
2.8287213699929117
4.462197272650011
4.485575371518782
0.2867280459825446
4.473389522928222
2.366888286724225
2.354036502170304
2.880202981512103
0.7587194614865156
4.516452154482373
4.508648126938095
0.8080903777923318
4.949883010516164
2.8679422759014748
0.7825184049820402
2.8358999806094
4.434510112331105
0.24447926106274676
0.27558953112629064
2.3614692383344655
0.7602544107099432
0.24713880958288315
4.9641206536480125
4.90827933123451
2.8541998836810767
4.958132376477413
0.786268778067861
0.7633842856918639
4.48747753956324
0.7528727675858269
0.7868879458488991
0.7437482017420955
2.373090264494634
2.8788346532496774
0.718007084225025
2.3589890587683477
0.7339957534767758
4.96603464943072
2.848321452036699
4.490470159354724
0.30814832707205
4.918402034244373
2.874044578494419
2.862534880827188
2.884977492511932
4.994231642767913
2.8292640936213704
0.28546234082167493
4.963067088991191
4.98597139087631
0.3110762099305311
2.8466227272554288
2.373746187065364
4.9864561995179235
0.8005711822329831
4.484618734827831
0.7784634060302023
2.8596853759679055
0.7370432194417336
4.488498288824065
2.3922185643117366
4.959226835857165
2.85281128317251
4.478360656169868
2.8376307223762622
2.3710152680055008
2.8689192755691217
2.870619025946249
4.939544810665229
4.433445954059401
4.520042695927606
4.939816316172458
2.8941782332710875
4.429799293773855
0.7739743242040201
4.944844361238323
2.3790433540982447
2.843121030779548
4.928223813672675
4.477098802937331
0.7439424485969346
5.011046069271511
0.783146386211292
2.874626261898756
5.018030921453683
0.7565506309067525
4.9450923406916525
2.888153717317559
4.4606406460997645
2.3894199762418524
4.955105569209675
0.28612776346652274
2.4244248246725486
4.463639106578714
2.379042832969635
2.3691657837588633
4.455885322690146
2.363058447931988
2.8893714314142036
0.7830919230498714
4.506959122408006
2.8601868359172458
0.7737384895913211
4.936691444172483
4.9439939705625235
0.2875208544102202
2.864020853462466
2.8812957159976693
0.31700528060688693
4.4453435337717195
2.387256658671102
2.8962095697026955
2.3703344270946523
0.27695691715168197
2.8732957116943374
4.9563903963643945
2.364656457526692
0.24128403906899065
2.3293843600531368
0.3230006392228004
4.929812537103693
2.887359620849076
2.4049282034114317
0.7991791891744864
0.26069218385481124
2.368922228576195
4.474061249013279
2.423353629060773
2.8475467625765405
2.846098992094468
0.285594112633961
2.360257553708095
4.945519751377367
4.996678614775604
2.8539870790539474
0.8089670309200323
0.2842559772948878
2.8925849090999676
2.378328500312858
0.25833721273650145
2.8552876089549057
0.2752364816507971
4.432197074147308
0.26304699295525585
4.950504398166998
4.9442808882729565
4.953332725656003
0.7678728381139779
4.955046818000016
2.3932540715464667
2.356714729932324
0.2715439860064805
0.790413985778968
0.27606078373237347
0.30684248073329845
0.7897647337076448
4.919168595212209
4.921305424849771
4.482336244762308
4.961347504547982
4.9585708780048225
0.2860892632148527
2.8665175217644436
0.7776958063463402
0.2747828266908498
4.465794647379399
0.2862905907233038
4.493460790809454
2.8548133031517864
2.859545702646755
0.7925221963106817
4.972006399059045
4.529043983840995
2.3327868939035183
4.475116042551259
2.3832540179509567
4.460198114315028
2.330703929608327
4.468865282194299
2.3687742335698028
0.2924932101682419
4.5002707282544305
2.8479544861829784
2.899157662668387
0.26768501360721786
0.25722321785123475
4.971418792791837
0.7989020537100463
2.8662499887184936
0.2993805290167174
0.3221607140068343
4.9242564457698235
4.963640036256697
2.4308697323293633
0.7598576498720422
2.853803839711108
0.33778307840253535
0.723930237903214
2.8715215138482924
4.449976456175152
4.969393952875445
0.7935722146762523
2.8237848917294457
0.7654781388473091
2.857348219505011
4.46471665512499
4.467479985303454
0.2962999934593618
0.7528860786674536
2.8863207435903515
4.474697262730743
4.487437562066691
0.7635353736171073
2.919162280448901
4.92587033353848
0.7900882883796891
2.3589389586523293
0.29777642788652303
4.464145210020503
0.31554808465421436
4.438143607057699
0.7556453326576729
0.7528232189796131
0.7726936741192785
4.980783138761161
2.8487166996245508
2.8584542039483316
0.2829234768940521
0.806645473564735
4.446626585666103
0.7709932779102191
2.3586316532599683
0.2788542672831032
0.7524791091498528
4.511724368903397
4.460687726618906
4.921329346739626
4.903086360706285
4.947744161836742
0.7707538277607509
2.843139863913369
4.969857440294317
0.2762168991969621
0.8031169749445195
4.477617658041452
4.95367972884745
0.2764942271091782
2.377643910150966
0.7622148003922784
2.866931304947221
0.7798986241661237
0.24840927889082987
4.943171316237133
0.740799224689574
4.977420359681519
2.410221392027804
4.466004608398971
2.3716703614825847
2.3837916036121234
4.507598385472099
0.28427387733452586
4.957802740819497
0.2823662479699283
2.823561433571864
2.3655251429915523
0.7488289687772034
4.468913911545047
2.8609971877683025
0.729930370007156
4.430181638970375
0.7801461824675324
2.8524153493819036
4.94512866940557
4.45876694653239
0.27724503689096286
4.9491654461075365
2.8537975003185494
2.38710970169728
0.3231021970984408
2.360783059514552
4.421456023548171
2.882640165709525
0.2572682251090816
2.368833336695109
4.492977293279611
4.475931162046772
2.3850562403591784
2.3731790116704685
4.45454184511701
0.28057988208708745
0.2507023605649936
2.355381903702033
0.29816696276534543
4.445300209198771
2.3760935163914723
0.7698760809859557
4.4627270428392425
2.3725857366379595
0.7814366269989579
0.2866111668562917
2.415950652184529
2.872614100429593
0.29425572862135546
2.396878265525887
0.7648325462767991
4.949024936359896
4.496466336347613
4.469999256753543
4.485771900502891
4.9391905726018965
0.746599250452483
0.2729105408551182
2.872829089544754
2.370929118526846
4.452697326012094
4.962580072057612
4.441712088100848
4.942356650273818
2.884051660135154
4.928884794070354
2.9045577425025084
0.7483634758212276
0.3169856244887098
4.492520338521316
2.839362586945498
0.7719494580331254
0.2753064430474698
0.29698472695661915
4.920849625727907
2.3262761221947743
4.922475200731038
2.870312942941226
0.29043135593890884
2.8772531910235575
0.3030302922712279
0.2892930541279202
2.369116324379635
2.3764145139100874
2.8678443625131114
4.942309393783569
2.3680814456433112
2.321693925625692
2.4030997346732024
0.28049511569586244
0.28528397286625967
2.3737093048619022
0.3119341284278545
2.8691536489004403
0.7651935434785382
2.3677792815825605
4.50520684963994
0.7756593690662725
2.399479363433832
0.7733822540500637
2.858397004949323
2.4209466899968866
4.924297380944473
4.464495178446423
4.490347327966608
0.276214937123802
2.3678255749474846
0.7282465812217076
2.3404976120234195
4.473568541601149
4.928000075996489
4.977484608598583
0.7961526722833192
2.3746329270732343
4.962999452465578
0.7796036441499121
4.473267164628716
2.8985682311812493
0.7629869299656007
2.871473381018262
0.7120108552541413
0.7482727685710759
4.964600225855474
2.8640790147749424
0.734926151593885
2.3499261279467603
0.7973612593010471
4.977483764429258
2.85013917670987
0.2730519499174973
4.892977104519547
4.943716240075042
2.8688805531133506
4.524075489164672
4.445891727050403
0.7297647083674779
4.465121272093537
2.3936023925475483
0.7541413510533999
2.825959264902218
0.7690693291747942
0.7747944766032331
4.440259836088599
4.923089866385296
0.32413041030924017
4.925337895510185
4.976019129074242
0.284864902942593
4.50440763257927
4.4181063104892315
0.27380969193465715
2.361031798496428
2.3447360667629056
0.7616372615076108
2.868253098749985
0.2635242939329939
2.372155079223879
0.3073774920701363
0.27272775084698614
0.7582375786076077
0.7714031733782138
4.978172058870591
0.7508495915995633
2.372049761241462
0.32313981092914723
0.28338138052766887
4.934557719859673
0.3487524865235114
0.31515564094588966
4.955702555298144
0.7740599236996274
2.806440976031613
2.3773251121644328
0.2755509843389206
4.489327493131585
0.2660736745575038
0.783467083498905
4.479294145000436
0.7866433036528586
0.7958612527789751
2.3930768824495616
4.4694281132859786
0.7976020467351354
4.996009642246351
2.8776593295909394
2.395896699082887
2.3776380349745647
4.952666888122269
2.361323018134812
4.940038368312314
2.3748898856227125
0.2606228995759727
4.964110753486074
4.427939178536354
4.424422476285523
4.503735701088057
4.428170095846484
4.468380646033475
0.8053381663578318
2.376095579948433
2.3752263883295606
2.3894942477647767
4.950552407951488
2.8455675750630522
4.9170401646919
0.73984919515769
0.2730656761215445
0.7824919986341694
4.442409706900539
0.2513649883475094
4.496772258426279
4.485214972813627
4.468796897044897
0.2668124411908598
4.462037585830113
4.495867562138675
2.4016433024993424
2.3831335320795906
4.433117067398194
0.7614760335548696
0.23805294531732069
4.451394799409755
0.2766487538396252
2.8484451210191906
4.945872022132773
4.954355458693245
0.8043474967339496
2.879001146161414
2.3332396317178947
0.7742179393049408
2.88409893877906
0.32702940070553993
0.7668400870664345
4.479051221758662
2.8630116473955223
0.2961601760195075
0.27530817862690876
4.969230969446571
4.4913189363295025
2.8534523600349124
2.863326787401592
2.3823673997369834
0.7627660595624889
2.4201400665025123
4.413937573279482
4.448764949860929
0.7845706894804527
4.475463144803547
0.7843785480000418
4.922610360622924
4.466732865128246
0.2716726314575368
0.2679746056172308
0.7571234198749763
2.304174622599757
4.4916572600235884
4.436222287055261
2.858703066317325
0.7464081301034167
0.7813382988691375
4.988861986216198
4.925630423029584
4.911924889539237
0.7900821313877753
0.7362591671350881
2.8551295336390607
2.8734330250916758
2.3368525436113723
2.868263104038592
2.4156908712060887
4.427354481503702
4.455998068877432
4.958783858689724
2.3535833859203774
4.486660112637134
2.8638916739281357
2.8659508334513832
0.7805387479916839
0.2690757733248665
2.8153879683063923
4.966981824883443
4.480128007148259
0.7812531820892448
4.952273351874052
0.7633416005624869
2.3593160772243875
4.448461253136049
0.785361854347556
2.8480960770308568
2.869006857962624
2.3708204742346393
2.864855021931377
0.707976515066107
4.9504074910847
2.396193959099873
2.3527899972794435
4.95704486989528
4.495178734025152
0.7827904405593709
4.931324317534545
0.7479509207886557
4.506504137744852
0.7884604240414932
2.883994316934095
4.452975208550314
4.407636094367783
0.27785466836468325
4.952339403797992
2.8297853025699475
2.852542359511898
0.7588464723657018
0.2978911723682152
2.853575872131748
0.24520477379855565
4.942936256335932
4.5334304479152445
4.978829598325286
2.8478024653332037
2.8382470157685673
4.437614680431549
0.7604912004056543
4.479378993971371
4.493146749889956
2.3988105818469267
2.8674757740873043
4.4814388846810855
2.3971398562124686
4.991734113933704
4.486340098235647
2.867075705523114
4.931475922255367
2.8229217786205587
2.889276656768356
0.2798305062522553
4.946769582090365
4.937525575297239
2.9239052908025567
4.447222676486726
4.4682434211006035
0.3102180913100363
0.2634291488966262
0.73271182911963
0.7591075382060972
2.356817119069499
0.7826565420078533
4.482121700657741
4.918952329959278
2.333986231189474
2.847149448544393
2.8109452902202925
4.9771118511768
0.2814658434617559
4.941051268604275
2.3807794081372813
4.509650641043124
0.2616095294557034
0.29122415864375883
0.7528143044081776
4.467682112884749
4.480772361739576
4.481583492016301
0.22921911179845872
2.8697680298356043
0.6847581799519495
0.7672829733306095
2.8353360772051617
2.3699814838036923
0.31903345236598923
0.2772200407622805
2.3627770413337204
0.7188830784643989
2.375214760538753
0.30078421010770884
4.441015241015429
4.984650305549903
2.866189093892772
2.8569201586570294
0.31247023324449386
4.466159338717575
0.2638133994412623
2.3812569399671863
4.931502490883046
4.458337171780999
0.279665208935223
2.9064888932761868
0.29846560161208
2.8467499510200343
2.87405661846281
2.865258602558314
0.781329620645046
4.978656382705529
4.968926916559561
0.2788857349880312
0.7369338724582317
4.454376662448334
2.861458643684127
2.4169855348351814
4.968518645712669
4.957554387184342
4.959697059107449
0.8010801036369917
4.910110204650668
2.8513673781667883
0.308876457134425
0.7753713704841144
2.404003848984368
4.4884237351554495
2.875354591319937
0.26703930102012857
0.7196231467891361
0.7832486196719741
4.484434182128095
2.847004970240178
0.7913327629054958
2.836322918366667
0.30145306962384893
0.7862073241015239
2.872555325583215
2.3728165430981973
2.8308127862094716
2.374211979528448
4.948582175622815
0.7822608170842167
4.477559301170202
0.3100906855376553
2.370038046917455
0.24531864855906083
0.7680249898313973
0.7418433010447001
4.953984817857016
0.7574734576880677
4.449886345645598
4.9789812610375
4.4728852307954226
4.911580992370097
0.2539831848420465
2.888554886419436
0.7345163844280762
0.2779107943390164
2.8470055414434516
0.2915967240575053
2.380776948131722
4.954002145125109
0.7610798624077382
0.7345918700928735
0.283686026935603
2.816912571495928
4.919137301265702
4.970152240937014
0.31172629508872474
4.951891362776557
2.8785389334235294
4.961914365641294
2.3957648204752973
4.458181243479786
0.7524081813407537
4.972561036066993
2.8542369396422145
2.8171508588654772
0.27938254649790345
4.434413999400888
2.3965898670833705
2.4033659097155713
4.486765426771753
2.8821994494248147
0.27589431179358576
4.942523040496805
2.3487562080031874
2.7998322068009203
4.419575692572745
0.7963788437103689
2.837180976861752
0.29812895137777107
2.3914253422954035
2.854320850091575
2.8976621645072114
2.3495767863080887
4.957123725485626
4.479954797874148
0.768255842440767
4.431832865452273
0.7174959702624653
0.7357422469096937
4.925670160198472
2.8706302689010075
0.7643721031699433
4.464561529960187
0.2792208695630887
4.475706460381366
4.505003480075964
0.7444526782462748
0.7495083452237938
4.470408462979866
0.27915595265443655
0.7684675857194603
2.8277183830993797
2.401177933847728
4.471835597276086
4.93162865991193
0.7941164027499064
4.461159760903879
4.526614039667763
2.869805626934382
4.491947456582771
4.9909545004971845
2.3662647595617945
2.8665831799056405
0.28208945041700556
0.7938569737490504
2.8810215904565184
4.974210022078655
0.2291885671666571
4.960730006732009
4.486812351979353
2.363948417460029
4.464456598882322
4.943944671974337
4.493040514290039
0.7684763255121334
2.350145563204654
0.278182342606287
0.281372207630382
0.27599971864808576
0.31756782936501704
2.3847135857087793
0.7069824209643674
4.9716769332466475
4.947374780079495
0.7873400052659136
4.983809364100842
0.7356109163659705
0.7821606855212118
4.453237216625945
0.7464728957636066
0.2697662421105528
2.369528510177287
4.964156249915928
0.32944067111805797
2.390196787058168
4.988938304299189
2.842911586040068
4.948773139109341
2.3887871342775844
4.467088523741319
0.8084162968740112
2.8897670328884977
4.963487227191814
0.7718952095798923
2.387232202840256
0.7521825522203102
0.285057033917743
0.2653986227883289
4.988749469880224
0.7385585810035593
4.918581230816842
4.9771585815459645
4.955536012091593
2.3733279824911158
0.29748672393672454
4.406052372745145
2.3526740700909254
4.987033506759975
0.2616975582549747
0.2796922036999177
4.9980018491086895
2.8825808666535364
2.85932647195461
0.7370880399998424
2.866628440644764
4.952209913401246
2.370127564746293
4.957826964686222
0.7881030566347067
0.7463246901471081
2.4083947707004336
2.830657882229816
0.24318186734955183
0.28604913340239563
2.8299802630764677
0.7568553899047679
4.961578954531346
2.406673034274063
4.973540270156736
4.491401672882019
4.961335266897323
2.394047109298785
4.993697440740333
2.8180845149514955
0.30551802939446004
0.2937744666849601
2.821361380503271
0.7784527024784278
2.4306881978297135
2.3869805690950576
0.28193963830050667
0.7596513911984379
2.338991701602836
0.7832712931290402
4.463439375531628
0.32122846755968193
0.7210401788693225
4.94918516025454
2.845834517923453
2.4235516854268964
2.84343708866976
4.944668779915644
2.4276276657567006
0.7461991037907423
2.8565142047932284
4.974383133403389
2.3655886721093045
0.2897385883804034
2.4179239148659044
4.513462449309539
4.455999862637316
2.356514452369975
4.480121915329222
2.8860789816276156
2.4093143622740216
4.990522745125071
4.944903956262899
4.995267143726686
4.500161966296546
4.953238501668986
4.972953303452622
0.26610774104055784
0.3037396416224555
4.964798715697433
4.488740106121606
4.525807009715417
4.475348422783396
0.30684975202243914
0.7604056017240348
2.851926603816743
4.951134938877535
2.880594560733365
2.8592692448307737
4.495147155644264
4.941575536637033
4.97048463315496
4.476164518037161
2.3440697141737803
4.991722787060516
0.2816195858288914
4.44009946944042
4.920499740135683
2.8728513485459923
0.7347505813910469
2.3839837728152635
2.3794619041377376
4.981926761626225
4.958954077970753
4.488862316992581
4.472209091681914
0.7745592348576561
2.39599964618484
0.7618109185796209
0.7644344188202759
2.336764826090274
0.7717453369363649
4.957140048197977
0.2813809500816942
0.30595666953212886
2.385527383759971
2.348441469130927
4.483003041139357
4.463954382320311
2.3653726213968866
2.8678172746947355
4.477251344817283
2.85875712913047
0.7546187135763449
2.3338290885248827
4.477092799701291
2.3313481620975436
0.7947409297420578
0.25109341718348077
0.7777220196827308
2.4044650549562876
0.25558658572147863
2.3984941089351963
0.755291397838554
2.889076763516919
2.3799908137110997
2.3723725560299638
4.958758028676636
0.7574335033310367
4.93718989322488
2.865528885357222
2.904179117382084
4.4575604310639125
2.3774673306522582
4.979979896685261
0.26504926221331904
4.940724158033691
0.7922950917613794
4.4306520031076655
4.493214395642621
4.469823735652126
0.32689226268742466
2.391492542955578
4.4763088126644135
4.948462625182086
0.26380418153125984
0.784908243247749
4.480313057604218
0.2953156859790878
2.8641562251989456
0.7569691798816225
4.943443160292793
0.7697396629284741
4.936153644526046
4.962395237446562
0.7524144988588586
0.3015922269889396
4.959647646329076
4.460414677725119
4.472807912318123
2.8256430092055376
4.98016480976515
2.844769629781285
4.985683832050249
0.7462819119146784
0.2757222711528206
0.7966031568645225
0.25194104613173185
0.25781256234229505
0.7865944284758601
0.3001034420001695
2.8817761563929154
0.2843527885186164
4.428755314559353
2.891217375686976
2.877698026845325
2.8583975409440745
4.450187630216935
2.8377480339615357
0.7807080165780422
2.8815199348793965
0.7695815480603236
4.483869112539734
4.927092697841223
4.971185176251488
2.84639120762374
4.465223449984569
4.469642267116066
0.2758812965087581
2.397565548223716
4.467390890431215
0.7094408801037189
0.2830383821491363
0.29255628920025545
4.9481067556625
4.918638327977769
2.8786837698013326
0.7732775754646979
0.7550662320638433
0.7715763405391751
4.993370093452026
0.7762570995006792
0.7559930230646557
0.2614687027437369
0.7424502078166173
0.2647110152177318
2.373253769176207
4.973467729029529
2.367954307477238
2.8252637994387815
2.837865899665703
4.98754863725255
2.369798446714101
4.948258934095514
0.7601243147473076
4.93045104832433
0.2664301750664306
2.891455696354333
4.460486547153847
0.2548400244968959
2.860251304871297
4.953947936073802
4.482279225805272
0.7966898849848609
0.7779835756527214
2.848787992274956
0.7410712737504316
4.479230308046519
4.966136934325986
0.2783886082710528
2.853427917685317
2.848712869580751
2.4071659022421272
4.442987527501885
4.996066265586722
2.884627007276014
0.30330569772121396
4.478579995605459
4.913924316786644
4.5045945691771845
4.51228727962327
4.968800653315169
2.8356430397428563
0.7753861884344388
0.27589606676008377
0.29918638939222675
2.8712576280210595
2.8554647262574533
0.2902487195467383
2.8681628985992336
0.250521301277268
2.417995198295352
2.897759297066488
4.485248879510281
4.425565080447291
0.7903404906179166
0.7492852463422204
0.772771239868135
0.754979873917391
0.25987565033086496
4.494289259020019
4.485731089105125
2.3825247566395698
4.444925036123049
0.308215912208023
2.402333737814667
4.437008410487157
2.866802258996814
4.989516051970284
0.746237114258183
0.31270438793320876
0.2905038977938283
0.3027796883493934
2.838819849538873
4.457720769756585
4.92031020821876
0.2856178088705748
0.2914453390680348
0.26639475921817474
2.8378931672151784
2.392036302022122
2.4316195097496753
0.30607097660865407
4.953443905476952
0.7453834839888211
2.3520134173928984
0.7651013582599555
4.509218485826133
2.838999591127503
0.28845845622965366
0.7089929626173452
4.948601093817297
0.2694443812874729
0.29744668493806664
0.7996806454481069
2.833520373484312
2.354009663619067
4.927882040583242
0.2597884438502362
4.9523513385935285
0.7360059767862803
0.27018222696538924
2.3696380067524485
2.820070012044102
4.483543640893756
2.8327200381202386
4.485084816896782
0.30448412105186196
0.7423393877736246
4.448011538265398
4.941194449819274
2.833553690150057
2.348499752393299
4.488112435181064
0.7643707213397588
4.980376837970512
2.8557254686525515
2.3771093799171665
2.8512585246357838
0.2306408831070299
4.9498375194376045
4.976937410587997
2.3297729696947393
2.379698695984232
2.8901993198816864
2.4020064922166133
0.27495784776354454
0.7531572765791548
2.397779916512725
2.3463803416022473
0.28598966471487536
0.2880066890823448
4.446379008291453
2.386703477768966
2.8314689639508837
2.849063839109093
2.8481103651153363
4.4815274507102645
2.3786183215017704
0.30880406667754956
4.481492409784469
2.8678759286398745
0.28764389823959263
2.3875981298020683
4.982321842484923
4.941383190157831
0.28631682011285303
4.947066337704422
0.25864870415877744
0.7929854503286446
4.476382073577523
0.29896945550672577
0.7937376695769471
4.942871985435488
4.932431104300568
0.7174189202166583
4.486746186327979
5.006329397861461
2.8616913384938
0.7906170141700233
2.8565805625287566
0.745760884826909
0.7499204697541746
0.770042453649988
4.425532110297921
4.968783213133278
2.865351594647102
0.7408619966767769
4.945373651638031
2.8493025410811015
2.8817891491921275
0.7473248713210903
2.818625310857232
4.467512536900258
0.7679402852118178
0.2549027770479154
2.8461145370367005
2.93302136768305
4.982244604021402
0.27513055118968704
2.3593865730176464
0.27989955846128695
4.962711118056943
0.8106455015329572
2.3297281042985323
4.433228801782738
2.8761571152419827
2.384538110336292
2.377731953320649
2.8382686867753986
2.8829833752679885
0.8300312553090887
4.471025082025106
0.2715647460329846
0.7325500300261396
2.355568853178567
0.3039091531639301
0.7522084072001511
2.374240995667668
2.366309609392929
2.36103665688342
0.8247977831413853
2.8780082234123667
0.26071006714263956
0.28874228483711445
2.8768756475572026
4.423345553444455
4.488574684102488
4.401289529962433
0.7902228963216538
0.7868437568630584
4.459742901478102
4.4804827993242435
0.7469249610737099
4.90831209042044
4.904981360538375
0.7539522451536678
2.3845066488772093
4.989498251278657
2.3767099112723513
4.506759912525637
4.534028416429212
2.8720227965450964
4.942380966062104
4.462850930854095
0.2646248733852926
4.5075054470142035
0.30053420370143125
4.485277071325681
2.386079382116296
2.8685631467572215
0.29311985572869637
2.8404441627415906
4.478429802916662
4.967728581746385
4.928241830207847
0.31424083238557887
2.3947059955956336
4.49016067577436
4.453909325636517
0.7634530619495785
0.2877747440054362
2.833890825534364
2.839695914010301
4.48857958323547
4.501719821375955
2.3672206892555194
0.7854248638511436
0.27234482231898666
2.8738660063393886
4.964904295035461
4.948869045934425
0.29127227691109747
