5.702396096892619
1.5202874390117822
5.7420785400837
3.6570794744698585
5.731182113317311
3.6817477382509227
1.5556062398829207
3.6428871107445606
5.838103034236143
1.5217648604073282
1.554880059108748
3.684243301277861
5.791147977948345
5.694645685336027
5.688663668532349
1.5981598799929333
5.812185870941106
5.777129217515156
1.5316266562230445
3.6577036147654036
5.757863482416499
3.6590972194681735
5.771881645585775
3.617805795699708
5.7293562017707105
3.7036204868621136
3.628530060569131
1.585795687055502
3.6672230371259884
3.7212710300393037
3.642430163882299
5.791434397037429
1.56097147429656
3.6776856045319417
5.77510375632234
1.583436234615661
5.772045508618343
3.7146756669325405
1.593602018861477
3.6138758034208234
5.765359526383217
5.7806563675498355
5.739921771779242
1.6082520692636382
5.794796525500371
5.722324427907889
5.718846955450173
3.703503453743551
1.574455877846606
1.59414791174155
1.5902850455893325
1.5187753260223777
1.55857399941828
3.728938297495054
5.778022159003086
5.81122176720094
5.762254819100611
5.789076265083063
1.5419293481060956
5.749837764247227
5.755332846903819
1.4878652730350868
5.729269219948143
3.7045208190390198
1.605868816289202
1.5732879342839685
1.5814520841964743
1.5869749724602824
5.797412370449237
5.77608039195796
3.6651438957595257
1.5624735376330492
3.650654212515397
5.833668271436555
1.5535751361765031
3.5965120735239866
5.771323237452222
5.74372066418084
3.6911409353838756
5.726509288343933
1.5351434073375931
1.5642934882259505
3.6495725688652
3.641795829819562
5.7681580051206875
3.6339823216654845
5.693797642604357
5.73108086177765
1.6790602135748964
3.670835532108959
3.66047113007186
3.6663332484476534
5.761121869734388
1.5924228618375116
5.73716940841182
5.820579592738815
1.6408618972235518
5.7099130203130635
5.791979635343736
1.572424629566909
5.791199974647765
5.781934817297399
5.834312902770851
3.65141086241392
5.832387368720238
5.774465288008689
1.5947515149556446
1.5203772765339172
1.5616384740618443
3.6469850825038317
5.821885204312546
1.5878116225261731
1.5943695685543706
5.719976441054898
3.6625849971466167
3.6773404644523238
1.6238889077260974
5.707376494280533
3.5982313114201547
5.748415033271075
5.787479997405948
3.632258865166761
5.69734458156707
5.784195844082104
5.807874137370106
1.6179861218825613
1.5978193636240507
3.6888977106171077
1.6087667716887277
5.772981429470528
5.733712296235663
1.470141749997957
5.7861058088947415
1.5613349669530112
1.5573222314118857
3.620046209990092
3.658803654858846
3.6176578006679025
3.680547693865524
1.5783770759737066
3.637067894066396
5.773472751758617
5.781986832214069
1.5525033997048334
5.714180875245194
5.772217777280422
1.5572047475390454
5.778815391431508
5.762732477874187
5.728301711776297
5.74986864143854
1.496220338111097
3.6798117827842374
3.6042418784898658
1.5699752253785904
5.754096562584168
1.5776945414281187
1.5950763261989098
5.726551441142469
1.5445041283582803
5.814186744673492
1.5719366867524185
3.660931101718575
3.6530161768808993
3.635056428761737
1.6102900257057253
1.571944874447177
1.6454175331194967
5.786039257050453
1.5737768431374346
1.5593142977788275
1.5546801000596082
5.759882523723121
5.761219822972629
1.5791757004859832
5.77613943944685
3.6310583360293713
1.5232416936277848
1.539035998377056
5.764658237274858
1.5566367404969415
1.5648126436647662
1.6078088375591602
5.7155691618130495
3.6779955720936184
5.713850494478529
5.74754902439063
3.6828660600643435
3.702782279368979
3.658888297971184
3.672669019662518
3.663411730142374
1.5577346067520834
5.7735206374270645
5.695548833198752
1.5827347535744614
5.834523484548953
5.776470736791327
3.680883010264335
1.6199391150724263
3.6714426031078764
5.770842939443162
5.730371596813136
3.6144172569994852
5.757776557253226
1.560278707601209
5.798817932353684
5.753052064237017
3.646196998023705
3.6411034916867746
3.6893565570210534
1.5576221112725728
5.719956509556983
3.6993451870234506
3.659306431158045
3.643584365115814
1.5670911919798622
1.6148583557610903
1.5489513294449206
1.6392492861855337
3.7014589461103213
3.5802237493569153
5.817141894398368
3.6520249302611285
3.6660023097696133
1.5464088694006766
3.6232706636968977
1.5661065250557331
1.552059168615123
5.7690202966403215
1.5850511293772163
1.6308652373176944
1.5795231947019726
1.5575768896749898
5.805342276336173
3.7055599482432213
3.7090064220550034
1.5571083488162643
3.6669596380112406
5.780135237472072
3.6671158272439976
3.6646445063410553
5.785094457617475
3.6613142746742686
3.6479946236623895
5.739262033554819
5.757498312402765
3.6404736882801383
1.592200519907842
3.5994149383007255
1.5533901331663698
5.6995740017986165
1.5353518246574445
5.743618080315972
5.742205028759753
3.605284848182035
5.687901505554467
5.735098507449097
1.545744304502767
1.6064739882019365
3.6385887020598875
3.6507382740874994
5.729155418213665
5.729138858937756
1.5169985150893481
1.539222770464749
1.552184364921155
3.6761866158376764
1.6201272537484592
1.6090904494498108
3.714603591034836
5.792423258418935
1.5238345204181858
5.781091437258742
5.812149367047853
5.729623488042059
1.535398144907611
1.5674239861970154
3.678446139851987
5.821432718583609
3.6683857452689024
1.605289344619401
5.703800211966823
1.5386807180057658
1.639398689838568
3.631287900880116
5.748786835124222
1.5963385907788694
3.669683884149685
3.6552842619876715
3.6989142272959836
3.6336193626530737
1.6015968441855604
3.668967864260569
5.814394127950023
3.6996379508943638
3.6597282113223715
1.5968796545359059
1.6076379290307745
5.763737198752832
5.724206111073559
1.5927686324720214
1.54462046227025
1.5520917813146566
3.6701878034844624
1.5567421011766167
5.729779835688691
5.792736096340663
1.5667485669676564
3.632194650658016
5.720251039984348
1.5797467262213067
3.698862428048874
3.685245897070477
5.761568746592633
5.719928966856058
1.6461656259695356
3.6869745756375187
5.798687332611606
1.5775043623327867
5.75023650468988
3.6217369364031478
1.6322049864303738
1.610679373754877
1.599428092305454
1.485098462405115
1.613310441983959
5.770420313344481
5.748899871428574
5.794373472927688
5.783762243965099
3.697388755264115
3.6533726041594834
5.707007600566202
5.70593116958868
1.5915243966869974
5.758281195755762
3.6189564712519595
5.812267631927333
1.6053975270632295
5.75213340331979
1.5386887659616102
5.7688634828321135
1.5374290696228998
5.739455507852721
1.545957724216628
5.7411366657384075
3.6370154534304286
5.833126380028218
3.651961876735224
1.6119273649770864
5.789932799122347
5.770264635673578
5.789044403319186
3.715256926240127
3.6027979353154027
5.730020677689581
1.5754923567230001
3.678664366787721
1.5710235432648654
3.611227457143172
1.5395839693885232
1.5774601661523944
5.785872396430403
3.6753313318864365
5.806546421945506
5.813898930667617
5.798322897220758
5.753769799559218
5.794920645135872
5.759021064343843
5.721632279558221
5.711929344042614
3.5669312971418194
1.5573342678291935
3.634391648970752
5.815954904659942
1.5334341630002934
1.571871347454189
1.5189007871312752
1.5818548921987539
5.776271570009337
3.6861981122085212
1.6048998744406617
3.65505809985933
1.584130878721992
1.581957505866524
1.6719741576827567
5.738173890466633
5.724231077451621
5.738283112261086
5.736095734287807
3.612416365463031
1.5672206763492955
1.551539207625806
5.722434358669381
1.5980682350601498
1.5700955203108258
5.784579134768321
1.5956574313873633
5.7549576847841495
1.6020611321877718
5.795337344782471
3.6891064741938036
1.6543689249260427
3.6236964782913685
5.80061297893527
1.6099894729158066
5.809758699061489
1.5652141464127758
3.6739821145996485
3.6384802267058416
3.6875620462438525
1.532076400813177
3.693023262333944
3.6814126567574634
3.6362981190222903
3.6849445480761256
3.669577676258774
5.791445699869502
1.5112674738700669
5.758245080374583
5.738777023998561
3.691341018196854
3.6947599426283717
5.740870952431509
5.739580560638368
5.803133874486505
3.7298012979463238
1.5642000208490918
5.725595773218782
3.6845567888152484
1.5406053780679443
1.6000153648162878
5.728744644386543
1.5262113026382584
3.6739842641070717
1.6352592310706981
1.5877927944139072
5.7746899533420475
5.740573156342444
1.6072522846602615
5.743990487602805
5.721907668274135
3.589805627182475
3.657468111452731
3.674790894444869
1.5770860564120823
3.677435585561311
1.5334723376482704
1.5464489862197384
5.765115352505213
5.755961410783259
1.5748451781364592
1.6134453657062324
1.5833981068793617
5.733083447268492
1.566253667075034
1.5608062499193935
5.749176882213049
3.7356636403396672
1.5527377796189408
5.765434284440856
1.5925635512659544
1.5405085751901173
1.6114280073233842
5.755512371236347
3.6050659418431854
5.763701545220321
1.5923788736444393
5.692208761337302
1.5342279644820245
5.7198781067690625
3.7094586991679885
5.73243844374446
1.594098347082435
1.57818615429942
1.6159077015719228
1.6266136192141643
5.746853685038807
5.75464813597907
3.7356517663451223
3.6638074159213163
5.712111919950428
3.6451491689035467
5.8053889993139585
3.702879614087849
1.5567180052516902
3.7168923581836864
1.5541971178153269
1.6220479751957844
3.7163350856852406
3.692091895249416
3.6030220488710474
1.5711460510349604
5.774986326738636
3.658703932262256
5.7047275868935765
1.5808111743691924
3.6473612539253355
1.6192114643398687
5.764048617761409
3.702851085763306
3.674556833554502
3.6976826255574022
1.5803040487125735
1.6063772150171935
1.5789853266690277
3.6830485190915825
5.7469873084005805
5.769460401822879
1.5321273268511755
1.5709871632936347
1.5296718467446806
3.6614960424975402
1.5452124580995812
1.6042071538404652
5.757383635627655
5.813194103592031
5.708986146494637
5.787066455155043
5.759081271097524
5.780261438687617
1.547193928541044
1.590734685532198
1.6099060493161779
3.678858270153123
3.6766342584401075
1.5390105404427836
1.5504330197835938
1.5516271969653768
5.817191592427125
3.651401568970903
5.756684062161853
1.5606093046705127
3.7095090786745124
1.5349594695843196
3.6202979055339934
5.813728907944253
5.743223392787161
5.723700703905681
3.659681738169467
1.5575557438081042
5.759967530418213
3.671796934424946
3.5972192704420576
3.673319090381481
1.5327114922913396
5.754749542483441
5.789754654345421
5.715429798863332
3.6399129981283864
5.739149718767844
1.5589157653691923
3.671826896052896
5.755147865847904
3.677609205585976
1.54154125308574
3.6874590926332993
3.6633960986979326
5.7637112555261485
1.5518619141679966
1.5823385809482857
3.666620046412678
1.4958020750720564
3.6999189524149787
1.540101701895905
1.5464407225117864
5.725450978389133
3.6796537670211826
3.6766797651262255
5.772053844637469
3.628263002723519
5.818943673599919
3.6852788451152176
3.644667902478776
5.7748879343794695
5.7583679144338005
1.6042693673686674
3.6774964365523184
3.6468894591848398
1.5543896374010342
1.5814965325377757
5.741676334308745
5.754587433416526
1.5676875216822994
1.5421359943359407
1.5220176369845708
5.73179034089003
1.5610260607680757
5.743572130068631
3.692729942720732
3.5939209730368082
5.754102881840639
5.730679471548819
1.535543481334114
3.7004869620727905
1.606297467951689
3.6849137111946133
1.5998601467219058
3.6298878217791626
1.5468076102603252
3.5703094609040495
3.710415033465582
3.639294357715842
3.698358454823809
1.516178132722029
3.7061352074716125
1.5462118381168386
5.757370940442469
3.631024871365343
3.6429951398967204
5.80457506175106
1.55903756476478
1.4922945833791577
1.5648949909922831
3.617003151630244
5.8043760970631615
1.5828840835008875
5.808194558141406
1.5897962723861667
3.695582188496631
1.552988154009539
3.612185324741013
3.653228704490081
3.6671426614520053
5.762065767565904
1.537399616964736
1.497341515689301
5.7800162818714345
1.6254804515498011
5.66878721515634
1.5585510504691014
5.718759117872443
3.703683822015209
5.746089922823566
5.771191239446516
1.5651241874999924
5.753026794136766
1.5743823413072628
3.657392854421684
1.5663671896996432
5.7748782567223245
3.7207041870003503
5.767310745456502
5.797352821422152
1.5387634036718323
1.601487641791035
5.826914344260737
3.6331078086417796
5.7596648462741085
5.708556315639654
5.831099729393624
5.757719614224488
3.720719687688589
5.7451896669747535
1.6319792782021498
1.5643819333735154
1.619184885362414
1.5486068435928315
5.744914800686802
5.727705541344907
1.5929663658608089
5.763929346230209
5.729876354328157
1.5940227530280378
5.851548042274444
1.5838048172300812
3.587892162088796
1.5979633486162368
1.5750346977203429
3.6687211191515843
3.656978508119489
5.810088546345533
5.80279444182263
1.5366817883039499
5.6757337850408165
1.5859820976653425
5.80900679246935
5.8096827200046945
3.6350922238265193
3.6622139909730387
3.681399421064129
3.6813074926849767
3.710260235101074
3.6314784662241286
5.775299868555966
1.5655325804438385
3.6164307290382
3.6984977770775367
1.54041067149869
5.729503955867813
5.765444067784403
3.6887744387776364
3.6169588635636027
5.793613633234321
3.641916160970446
5.787255751889196
1.5346889308963951
1.6169345201176109
5.784895841414465
5.698829837841849
1.5426510558267719
3.6781077388014696
1.5678468205926652
1.583491010836223
1.5793062878201414
3.6960850536397145
3.6258124187752556
3.666808182639845
1.5700464273006758
5.807420547135309
1.6300333778133416
5.727573654646742
1.5808626909314083
5.840693562729411
3.6789398579126393
1.5499792312703176
5.8095089706406595
5.744047903333179
3.732975890126803
3.6617996101730474
1.585805523371446
3.6896262418220425
5.738156785617989
5.742002406931027
1.545627136867576
3.6954943980498682
1.562069104131278
1.5792456550080904
3.665907738928837
5.735425615038689
5.787654244346671
3.5830072240233877
1.5644808140719948
5.709854984127394
3.683505934757476
5.714755327441385
3.6716082378104966
5.773867648995233
5.77464532015601
3.7174977012197012
3.683825878634045
3.6724713553692743
3.6295416434815473
1.5928836999804847
5.834971868737625
1.6173247197031038
5.778248697091501
1.6473651840291081
5.746693048843929
5.7552039444005
1.6008951525743274
3.6187776493814723
3.6506866176379478
5.748863934048206
1.5707728260978797
1.5912314116718806
3.6637707576651968
5.698042222015707
1.5094101875890096
3.6873097438429046
1.6495959650863785
3.6129617329217787
5.746943447538982
3.611796123773356
1.5491650054522514
1.5244614116310513
5.725082405697843
5.794194072543589
3.74784110181348
3.709460227968593
5.76152886404592
5.79634971122716
5.778294930964681
5.754259584567993
1.5991073339769337
1.6242979888328255
3.665031903503696
3.6665106143409982
5.7433795648843935
3.6537020930185182
5.797463671546418
5.7931503539854
5.773331172851027
1.6025341878956785
5.735769417026804
3.59232832226291
5.709794587486251
5.767047087479967
5.7594995693922
1.5797323433635406
3.6927212799371505
5.743054255075244
5.7890036026249305
5.760532361562474
3.71608948935287
1.5492053734873932
1.666774616968929
3.6170516081328388
1.5709955027246032
1.6149270377001406
1.5771210153846265
1.5484799298751446
3.622342169314717
3.596467634168955
3.673388992471359
5.720330099439763
5.802418067757958
3.6657251837028646
5.751186951858124
1.5395654301475257
5.747208952917042
5.748433033104043
1.6183337217443945
1.5932877898003595
5.751809359567527
3.73364351136974
5.730623448672674
3.6457427323471987
1.5740816330265182
1.585604437729358
1.5507876060245407
5.7526892950197235
3.7108783460770423
3.6734951851159225
5.775257885328226
3.6849444835561522
5.756987617132088
5.779551703416774
3.6144952655503877
5.7912928410348234
5.8192676995045
3.713281646454959
3.668908616203833
5.769986455389751
1.5745910056909298
5.723165573196406
5.75538556093627
3.6723655145286607
5.784682465600996
1.534406493375655
5.754603484488416
5.739893428724465
1.6071001356366663
5.757512363736731
5.735980303047801
1.555093598449822
5.662122232155203
5.739681304225114
1.5556944401406618
1.4971055335560526
5.772530034385354
3.673056722647373
1.559012098127487
3.6820602142985592
5.759117838716312
1.5630472408055218
5.74846046145111
1.6164045381250711
3.6641016618460434
1.590835870165694
1.5421515180018588
1.5768138382272159
3.596686152249596
1.6284100289323193
1.5982514676503965
1.5703471685723365
3.6901300723457813
3.663013857608478
1.5306015726047155
3.616930160378963
3.6733411899527724
3.6886919567598384
5.810770611246841
1.554398724936219
5.742801650183962
3.577175391417041
3.6770513356635113
5.739182008187904
5.778396555523704
3.613493722297786
5.812275575263999
3.7010556904219443
1.6075597020174062
5.714995478929595
3.6312282311773676
5.744692530952128
5.750683108474373
1.561166488580557
5.735138238053106
5.729950050722936
3.6501047288051787
5.763952828104527
1.5577543810557493
5.75947614524246
3.6928087765383713
3.692108652457365
1.5409096353831597
5.762450663501519
1.6032341913115584
5.745949440339003
5.767228151711822
1.6366445460321566
5.772747162333207
3.6966653572747794
3.625090268018526
3.6793218648806203
3.6359175045561307
5.730990614175467
3.6585517430547423
5.792529818971044
3.664019893203463
1.574152815765406
3.6751724878087457
3.612094694298561
5.706926944734109
1.656294239733286
3.628609776078244
1.5601216756158744
5.735303540391
3.6532904178319883
1.6308433187852076
3.6802055022153177
1.6448155045586266
5.782372936499216
3.644191794994693
5.7294606798299155
3.6574398126402894
1.580154234035223
5.756346657391382
5.761370569351427
3.6290554345030306
1.563882749704475
1.5578481761917784
3.6827965663151767
3.6411135255616687
1.5099228264121665
5.799112581445863
1.6251326263785362
5.789305562218917
1.5883932133704037
3.7282354162774487
5.728697554901119
1.5449994355906942
5.754246033398726
5.761182177064049
1.577316651751373
3.6432961550170915
3.6483607704671317
5.751767673307151
1.607333715571352
1.5391606373978788
5.726449998344619
1.540485679999314
1.5659981955192241
3.692215539352753
1.5554626933050866
5.830684333302155
1.5603264490345006
5.75798349305821
3.6815063609973437
5.749160176365
3.631411846424066
1.5903330020963704
5.8147537892896874
5.706393648474058
5.735400376843856
1.5596784464121167
3.6811635095321362
5.756956864458231
5.750544296612477
5.764826896974323
3.593895282166165
3.6753271727694554
3.6199719585453525
5.775394823648698
3.692741278422845
1.592841680975372
3.680063212523826
5.751106453243612
1.6053453825808846
3.7226347132913498
1.5540278259034932
5.728308844381703
5.740761626461738
1.5569025221713684
1.6414674936113607
3.6693740811434967
1.5739594273262933
3.690748952461498
3.7027934537857035
1.5933749144582376
5.762680074680865
3.5925716819630313
1.5873231582600495
3.738289229608485
5.774835212846342
1.5342042235450781
1.5419802920450176
3.710245462461185
5.711091776227282
3.703084839894395
1.5339230382649331
3.6706495543199917
5.733897336405456
5.773533892400113
5.6567024576314795
5.812959329931053
5.752626762937855
3.63511705502884
1.6456270067478926
1.585055334002707
3.656515232356046
3.703613768386314
1.5782394454844613
5.7528618618698655
1.5125001036599515
5.77475273870409
3.6604196408153653
1.5718598819556568
1.6184248913358958
1.5914247955908498
3.7066235624902757
1.612063361457147
3.6410171152261666
1.643179268633042
3.6476749221018943
1.5503481828501884
5.807789073899874
3.64009496813574
5.696709508288915
5.729927386636722
3.6748285701488093
5.772526236179778
5.770967452630703
1.6057941516973622
1.5900243358105728
3.6378078016738775
3.67730300150148
3.6883511390755017
5.753388267550192
3.671879962140035
5.74829391324372
3.617549215614018
5.7764106538887035
1.593563878478612
1.6238451765868458
3.680493261297861
1.6011724913079104
5.742585824818906
5.730960542362256
5.7834628261046515
5.752228186739784
3.6073234119450466
1.570191878890502
3.6802579641599866
3.692494750319511
1.617280453680678
3.6217631105100936
1.6134049493009268
3.6913234510633095
5.76990734156609
1.5551349064090405
5.729402583045991
3.6141319349901257
3.644633288288462
5.786378475330975
1.5600789629460712
3.664588416934359
1.5814838010814363
3.702683026062217
5.735079785536138
3.716572745305951
3.66115199076573
3.663430183165696
5.775250425903818
3.6543301100234333
1.610049067969316
3.630270166241375
5.79672610461025
1.637450319952508
3.6389159499799884
3.7068093787478076
3.631957247118645
5.815438918176193
5.764265941227003
5.802608598231615
3.6443089097386814
1.5412501403348728
5.726816229946261
1.5745029736330935
1.582998485261247
5.7151031511021175
1.5468008320114714
1.597560734286076
5.802758309328125
3.6106132108822733
1.5640541885259074
1.58648188853368
3.7052955678753587
1.5571457818233327
5.728366089061048
1.5806411648833119
5.778606901381489
3.6727589724268688
3.6150324259635633
1.587234438855638
5.7458511396755085
5.759616404327094
5.730658387228539
5.729371450196946
5.746162438035791
5.770851467240827
3.686380203978447
5.738437793040408
1.5825426615564284
1.6030790286357979
3.701454058010613
5.790828704611512
5.815900669623037
5.776274949060955
1.5752501435059516
1.4958572552968488
3.654771074689065
1.5856134928458792
3.6946693063235854
5.787716701667854
3.659332350805501
1.5543144186865685
1.520878203460273
1.5749220252935097
3.641615399770801
1.5682210058327937
5.753737509894976
3.697209409838076
3.6702512990972336
3.646098423132839
3.6352515522511912
1.531073389948411
1.5626987294532393
5.710168514222634
1.5115245823917882
3.654094216601485
3.6670139088132405
3.6445666622549884
1.6241801536971743
3.7199443740091076
1.572316829919901
5.757165590630527
5.75766314713869
1.5064600096406484
3.6076377693298136
1.5921347844639189
1.5902731753862325
3.6271305547943977
1.5844605329650543
3.7107462398563755
1.566385480534201
1.5625922220595738
3.6854981553739146
3.6259834689016657
1.5566412039106416
3.6097481435444188
1.5977693303931235
1.5715742654765141
5.745756778292477
3.652630766484023
5.713965477570624
1.5476796964354618
5.73803853076277
5.749666355729897
1.6391057096277946
5.744420958845989
5.74689046910525
1.5127305654026184
1.549852952343977
3.7158908440109344
1.534020289845171
3.6431739581486844
1.5865284171897853
1.580061215755447
5.782487493886148
3.7022962360828564
1.5689682194501375
1.5571099970478461
1.56955947671032
1.6147905660064872
3.688689647541819
3.6390261685886993
1.5525052165617304
5.729567928998553
5.721206463658776
5.771296224304514
1.6249059643589454
3.6587826653929683
5.723944135756296
5.770971091611828
1.5638214885754098
3.7161308317656956
3.7041093363760864
3.666785891084454
5.822458199009893
1.5661275320029007
3.69600518682213
5.71916090465324
3.6516739440126393
5.757024269426079
1.5557314268810187
5.787133438672828
3.611374294035345
5.782803856058975
1.676813152407782
3.686616158751844
3.6918538194642765
3.635398108348658
1.5364052106925177
1.5475168464087528
5.76824681126584
5.73162987273019
3.684124025017537
5.707249879005466
5.758366266974491
3.6396661116684252
3.6686389148700833
5.770222018532425
5.851218917104039
1.583759898396882
5.768301528704763
5.731408146631418
3.6578229136114704
5.816345227219614
3.689796534259896
3.636619264697767
5.77884442598718
1.6178334801245497
1.5457579888828197
3.699364890846828
3.734827005763625
3.663453840446925
1.527289640180061
5.748048396153954
3.694480911727125
5.725869408120168
1.558407610246783
5.734063389553989
1.5728228526182917
1.5835182370128238
3.6749707290675646
3.740889870504784
1.5812018591556476
5.778642795586841
3.6757795377783786
1.5835967126500172
1.5584033079168944
1.5527802104901016
3.6700510249013067
5.713484562886789
1.6427397410335174
5.76850123098151
1.5497096474899026
5.712171729801809
3.661911066906163
5.8179187397547
5.775981475033774
3.575785389349742
3.655941364668551
3.7321234917582755
5.720568492444723
5.7290523904627735
5.735144845182021
3.656651160004021
3.662739106343937
3.6417609218462066
5.779384045195446
5.775604859476185
3.681500261366854
3.7077545690895266
5.753999104006936
5.730185427526891
1.5696798593471102
5.769705613543045
5.733110277735233
1.5652229284871506
5.770846919690927
5.806958094916771
3.6288798254269823
5.7369730186947345
3.684964747809162
1.6052325694483387
3.673716281167637
3.6681267276701623
5.760529333294617
1.641228549352173
3.694219233550506
1.5577149479453793
3.669858123601397
5.761461296346811
3.614685360300892
5.667624265377794
1.5543020747436627
5.784647966963916
1.617212460169137
3.646864558800948
5.655631723885432
1.5849983352795745
5.7536113369464355
5.709667328006283
5.779500100036682
1.6331220174892067
5.784597013449924
1.5708051410560449
1.623258331668047
5.783725207212345
3.6591857389219555
3.724065387490295
5.780406335941857
3.683259992017163
3.6604539065017203
3.648235067416847
5.8320537252350055
5.802534225415761
5.729424902533092
1.5847645629536775
1.5600253946649008
1.5950429829826474
1.5774344454429854
5.838503515173785
3.7309511607669905
3.650151949561742
5.799623475821567
5.80948090525314
3.6610409568321622
1.5614403657928646
5.747220977615394
1.5840883580307374
1.5794522501148127
5.767461777381416
3.6741283967704694
1.6329361031487495
1.566820618943388
3.717847058482622
3.672408575682938
3.625267514396027
5.715289894176725
5.711181880301861
5.726909173644721
3.621147838510677
1.5173757167481505
3.7172860464236934
3.687895626094479
1.5970908587728583
1.5712714023558978
3.6958429333865346
1.5294343351932278
3.6623536793838003
5.761582269524318
3.709854532684092
3.661274106215963
3.6314689510815623
3.6862918394932707
1.5696210139700353
1.58613742789198
5.731818910264252
5.747356660395705
3.644133946359285
3.6677376148246426
5.739578013758435
1.632710202852766
1.549862334189695
1.5438825773754266
5.745036975006644
1.516216181098156
3.659042092802326
3.6715886899417844
1.597186124500635
1.602238962785185
5.818891127466424
5.773865018897385
5.816705014955692
5.692619430602737
5.769339759938387
1.5814959556831016
5.78707689443853
3.6636238285380394
1.5569853611868858
5.787491967021693
3.657412045516991
5.7980046449332105
5.724858382490773
1.5890911252893156
1.5921834656238798
1.521303893307875
1.554263942325279
1.6158310000878622
5.776564170040742
3.7017597512816187
1.5567507952862074
1.5404824266205739
1.5924371088830005
1.6030244264983202
5.7389253998932475
5.799375768100026
5.736684481557978
5.784907975730652
5.805346153181498
5.7828655690895445
3.705815144062354
3.671898656228247
1.5652884452991787
5.7541322892769
5.729953871384389
3.588160809431034
3.6778955090427603
5.754461416722282
1.5589006271377275
3.673224250329053
1.5821527445848278
1.5657667338869357
1.6184051844776404
3.6462994723619198
1.5299048161798443
3.624782237687216
1.5781698434185496
3.7219099900567327
3.643202652192881
3.6725776553301
3.7300257631241234
3.6527978743043628
3.692661143687125
3.6723144612423586
1.5182689137264644
3.6621090863452688
5.729742136607805
5.6858855687483505
5.795635579985506
1.6231439647980492
1.5968662430533982
1.495021925365843
3.633500240651441
5.799730268389763
3.633703126335161
3.6015426024765738
1.5662937382133912
1.5534631472825624
5.750769918815967
1.5654949394690014
5.771473163275078
1.5568605957632755
3.6779692377875883
5.783656737908965
5.7523422237615565
3.6490618754973765
5.802528779518806
5.702598071296877
1.596294473891791
3.6467254080157443
5.773251016271043
3.619564903545555
3.640298447779276
5.7767633489334145
1.5904281510390486
3.6948825169305963
1.5629401468448023
3.668867038915396
1.5834220776443275
1.540570704935769
1.5465568292054677
3.6762965502979217
1.585574953337426
3.703522086276076
1.5383070897093956
1.712600956073158
5.746210447097736
5.785481709553905
1.6813581159528517
3.6445744790459584
1.5775230130023576
3.657866103838716
3.6605962404743178
5.765420203650849
1.5234942418653594
5.724608005521838
1.5708683298368258
3.6105052709164873
1.523350061666998
3.6121383026357785
1.5723263110156842
5.719564516564561
5.77497167758105
3.692782710705178
1.6112270916180362
1.4678491772839326
3.655020108007382
5.700351492061865
1.5460730490476182
1.518519592302824
5.70387568590022
5.765768575655319
1.5660789802847281
1.6216154262176818
5.695666195461925
5.736468196816267
3.680472179941834
3.6762548401264734
3.6332887382704215
5.794243952038113
5.72102933099443
3.6829483680920294
1.5973718088769862
3.6278189156855896
3.675240445648598
1.6410382855489067
3.638888446404883
1.58856100488683
5.752142321716197
3.611860710707031
5.717644527263343
3.6436709325976504
1.5436842036590743
5.732298206092471
5.763497646431588
1.5360902514389028
1.5319934355441696
5.723443123134734
3.704292751085649
1.5260931974963068
3.626779934077422
1.5834819820215738
3.6327587487847848
1.6266273231519204
3.6829887046191407
3.6845780064712983
1.5743244480634178
5.761966725302857
1.6504508572423675
5.782243883875259
1.549697943339965
3.678574399910998
1.5334171847375913
1.5078197807875573
3.6499388233652508
1.5822607800201807
5.735560382014782
5.824241283765613
3.644587302785902
1.6392967344934746
1.5531101985927918
1.613167107879705
3.6357291023928062
5.734237976652481
5.746859384347432
3.63658313359027
1.5182658724847453
1.5394613279317242
5.771636329746491
5.7311239807710965
5.70190676487798
1.590383971083039
3.6946569347695326
3.6306912618893596
3.650485114972676
3.6807388601068514
1.6404135197623892
1.6117922497576647
1.5357412679431697
5.795334741916301
3.6105310038271714
5.71315088514944
5.755690801552291
3.715411306684736
1.5133111158948944
1.6193792286220412
3.6577778825272036
1.5372537257105545
3.651742399839107
3.5733308745493444
5.71615564074191
5.723523904760406
5.7963351898017486
5.754765124405488
1.5653129379264255
5.71086712918526
5.798006023381179
3.652654483597588
3.690232443609895
1.5755532843044588
5.775672651557651
5.78327380099809
1.5068691681574475
1.5896826203071792
1.6269203491678685
3.706502834272317
5.750368595743656
5.7260699886687085
1.5020543889599385
3.6823473696958113
5.7638682461718656
1.577476045358917
5.774138611653618
5.767775525336844
3.6795689845906585
5.718736145244999
5.768582432294513
1.489485858998934
5.762754589763478
1.530199391242574
1.6185833214159917
5.737698744865944
3.6673862471143654
3.6195198308122474
3.598446396111593
5.7064286719528114
3.606748390564655
1.5763826166664692
3.648706057638749
1.6257630038271214
3.6400407438187057
5.743127847611684
3.6959898574860803
5.787583420328097
3.6250006096911638
5.731817695122005
5.753180729161621
1.570928449980102
5.823252271794392
5.760232638773921
1.6121866580034712
1.587155623791917
3.678702493685029
5.759188099010613
3.556520886128697
1.577259048650905
5.7477060721813755
5.819665938160328
5.752929730176965
3.6574538223534123
1.5801301058904071
3.687714178948321
1.5600477120908114
3.6519662437085607
1.5906624839521815
1.603064508873881
3.6730325885488364
5.7565487991505035
3.6605776730075847
3.6559184649112897
5.74151698830156
3.6604069306981453
1.564713246016951
3.6724315366370552
1.5468501763677978
5.790376452971173
3.6398364819173383
3.6876196595420168
3.702761547853303
1.620499045725992
5.68252645606229
5.789700797762966
1.5703194151604185
1.6362512698069869
1.6323800971430744
3.6553730698633444
3.659918938876898
3.6506581227223145
3.69656893978499
3.6357366063889427
1.6177464135954442
1.5649891971814807
3.666675339093671
1.6033718155120824
3.6915793480915102
3.6689846001143334
1.520743856213592
5.7252223201608095
3.6642273666742824
5.72435753360094
5.8014102440021995
1.5664797458884188
3.620351668587939
5.7838272874792
5.750471871086332
5.8263087646847955
3.6185258889729393
1.5594993153665533
1.6202991077214377
3.6656968509038474
1.5853849513330598
3.6664993343499157
3.703209249105765
1.5402953745217483
5.734837069353278
1.6004124821711851
5.768606117849955
5.723987225366797
5.786765907270592
5.734340246789786
1.5474372517271102
5.826905571130222
5.787800301255758
1.5966117352202613
5.718512276255016
5.744332630246776
5.686858812092859
3.637889019501318
5.694227348869949
1.6117923169674624
3.656652309700706
1.5686202335457153
1.587170232506752
3.7110629223761538
5.728656144540176
5.7968557452547
1.6000617425152113
5.7540892115376225
5.696020838561976
3.7111479448270517
5.767630486314252
1.5433303127435587
1.5863001760435231
1.5944541633252596
5.755488089532376
1.5587253103918823
5.78039774615097
3.645010046560842
1.5694890808755555
5.77300600090057
5.721116646208676
3.6556339418670682
3.6844264166965512
1.6281933259286412
1.6002471743045135
1.574469041234598
3.651238284557625
3.698887973570183
5.766898501222662
5.7721434397389615
1.6105772343235372
1.5489504353267078
1.603376712256039
3.6263093433630105
3.729865423852334
5.7829885421390435
1.5515040697083662
3.7176145306385693
5.776903736174134
5.771476375772166
3.663854980866245
1.5476903417479768
3.599574794367312
5.771511919275304
5.768870203595086
5.821940577163331
3.6240736088406704
1.5988097170111066
3.700143463066898
3.6191435042442994
1.5422383424791533
5.741271501491309
5.7731322076001295
3.655046349078197
1.560219971759397
5.737757018443843
5.745764748704218
3.6440296088291806
5.7503056194333935
1.5862783540905492
3.6118351172450716
5.727926354871867
1.631271192165055
1.6144353427251115
3.6797396311075814
5.832159360098221
3.6094978018440314
5.79622950424418
3.6395520588055237
3.6782717678190955
5.82170361717318
5.746395977832235
1.624639990236986
5.733044478400288
5.823938087646564
5.738564333295687
5.718036129681239
3.6844052053565175
3.6657185291597068
5.767196414475212
5.777197746454658
5.7024976473861395
5.764263320213212
1.556133556742056
1.5619485976239846
5.745419586294063
3.648142026177324
1.5673323755612336
3.6281727014167022
3.6599265718762384
3.6585951765785403
3.633943621644591
1.5998204576639299
1.59875303386502
3.6426219410981227
3.664268631347505
3.7181881219357464
1.5254446221571831
1.5421982871123103
3.6464297357004827
5.776044498726025
5.698904426931048
5.810216178360186
1.583691745886843
1.5776973428380123
1.5903634486195202
1.5171040224610026
3.668662914335333
3.7135634001649023
5.731667138863055
5.727351050107541
1.6030736848239417
3.6665705230368646
3.675399363387278
5.830393964071588
3.6677348923189834
3.7240367920322037
5.776043656156335
1.5867294935900207
5.740876693589189
1.5465005621056873
3.6577284624193953
1.5909830225185864
5.844661841378621
3.6474979371408103
1.5335056553383328
1.5634925909839121
3.615177385208036
1.5950626381205584
1.5828713892041133
5.760006882233825
5.748846923407357
5.682281898428266
1.6411485799704217
5.765519654777168
5.743624815437789
3.721176256564022
5.837753021984702
1.5431154336119448
1.544543832993634
5.812015166674714
3.7042579431420504
1.5985704314115823
5.817551258134902
1.6236811932150006
1.4983022466450706
3.6442396888503947
5.8152337086254215
1.6009695692931483
5.832284403653952
3.6727453224193205
5.822439951051178
3.6639105482519945
1.542524981905057
5.710891705267166
5.753080476117738
5.712775568581436
3.6553000399799913
3.6339303821894426
3.6486319680828267
1.6503268969158817
1.6140201738054438
3.740266619864136
1.565502130099548
5.7392068829152585
1.546300140597856
1.5585856706441628
5.770309264390503
3.6446770799359904
1.5771835566558754
3.7082430138420324
1.5647818276045617
1.5723244008632609
5.775011929051677
1.5052867679684252
3.628516615112352
3.6616802408531255
1.67041895451356
3.65525108111703
3.715003747771973
3.639136543744212
5.771167020693195
5.7586204296436865
5.742061340876394
5.772856498570369
5.805875765298944
5.715802199492577
5.776244150781479
3.693273991326675
5.814459545929631
3.6539184033068484
1.5675726957621456
5.718921140257872
3.597166849833118
5.7579437947181
5.7296792112147905
5.806526907158586
1.5382555253155494
3.686947367056225
5.8022506411384
5.748261667360425
1.6088446731577482
5.791816044953759
3.6305499403412917
1.6188712358085975
5.789184044904471
1.5209089675349325
1.5561215033340483
1.576318832765625
5.7493146763560565
5.8156969674477486
5.714002501828112
3.7027594416681384
5.728514938922703
5.791120491601935
1.5500881257683798
1.5045580354102768
3.713273276982073
3.6563889392957165
1.5876373391291476
3.648838089721838
3.6912225341931397
1.56129671961678
1.553011661238188
1.506359627979494
5.729481560919464
1.568957917869949
3.716135087650995
5.775161816650711
5.790354606290718
1.5369414993700143
5.73035808296359
1.6017396323755846
1.5378030719643454
3.6595836425984487
5.765639425747882
1.6240941085492697
3.6803493824350095
3.6695958262004806
1.5439968237725936
1.5536103532661956
5.698432104635741
3.648810477758364
3.6629909417363757
3.651375478527645
3.6837800503501645
3.6389916140284475
5.740951878617254
5.741470174999362
3.631497849343455
3.695511131167969
1.5858492385591438
1.602545788152991
3.6790275039572817
5.791796821217347
5.739482233887414
1.5876149737744831
3.663283982463895
3.6694391144213307
1.5020014775306874
5.662175138430359
5.763795805634502
3.7002542365615754
3.698224887799314
5.739510720440024
1.5272214864308404
5.78053655355549
1.6252990582396851
3.7063491803530195
3.653158349590459
1.5522705390524703
1.5831538791452826
3.701235112576789
5.760568826019499
1.5754944091448295
1.5585808454070724
1.5338549470372613
5.739223768734604
1.5991174161834099
3.6766203481878277
3.6046237079153807
5.7248023517997755
1.5236041913601794
3.68135504150327
3.6657099503985884
5.7418338053932025
3.7293398751778915
5.711697633042626
3.617097371470901
1.6424807465446234
3.632322091455855
3.6560177846300124
3.651713054387743
5.729963892604405
3.63191122480274
1.5539948018140328
1.5418602927068652
3.620877953825706
3.6791169641792774
5.7555147023305295
5.700565167019948
3.7286358126257353
3.739076486439709
3.64774106521206
5.700213061606186
5.7295729530953565
5.778377116140146
3.721205702647212
3.6604765014589313
1.5571297116430167
1.545768017433144
5.744172533625799
5.745679884290466
1.6143684271498575
5.79206950049207
