0.5552254832193941
2.6845031735438845
2.805855659466963
0.5369898363963552
0.4132994643601265
4.641382960313707
0.46477330271427786
4.486364943554337
2.5810504491789383
2.581683380204106
0.6819617986600601
4.610062832760304
2.723684747679328
0.5277721229128519
2.553392691079961
2.7352885040018893
4.73254066855236
2.5755518625102294
4.729449609079239
0.5360798623030341
4.734991880352254
0.5306059122319994
0.6690212577927982
2.622209809210923
2.5719761131976147
2.573671003640842
2.55683156663427
4.674994769308511
0.5464994293141554
4.724830491308605
0.29934955304195976
4.648970326594918
0.5287608785075643
2.55063171108191
0.5707953673731601
4.789774822323311
4.8447261659333885
2.5996653572283734
0.6265310897101466
2.7572051921067344
4.554334756603768
2.6600395798208436
2.6328432000171533
2.563637575916835
4.699137054836816
4.8824754251630464
2.540951783597838
2.799354987628071
2.5420811347679
4.6797929108175405
4.7932226946083665
4.82049373645838
0.5169957286366521
4.9285172919218345
2.685767164954452
2.6301917866395024
2.3487579854192404
0.41368710398138636
4.691904095948132
0.4967330147331815
0.5392580173036376
4.967355783299482
2.5949354237377267
0.49725189232820916
4.7171743441400205
2.5702946374449183
0.6947755151996612
2.5651419857936384
4.758946043097828
0.45205473653875916
2.735713508115823
0.5150537711289112
2.6212918971320454
4.895228158892003
2.5396039464743176
0.38687764983376194
0.4469797743768925
0.5731533688393438
2.4734465548247484
0.6335125370424955
0.4080791624153283
0.3822962477552816
0.6338442108887077
2.5008703556021503
2.6199005838982754
2.7850597362003766
4.7040856013350565
2.7215652629497726
0.5590350821051296
0.4332186900619298
2.5960186656686894
2.5194105799073063
4.677018617380532
0.6046311786904189
4.670019639783826
0.5869313735814689
0.3890268832939022
4.870366904764032
0.6560845004479015
2.6040071492795867
0.5590943574848479
0.6342021252088089
2.6163408004480546
5.000695544525996
4.7385373262691965
0.7206907038874448
0.43732664997977644
4.784938573766569
2.8372209617307163
4.669234068751123
0.7432473454802635
0.3481076309700509
2.8883098174029618
4.734656263685591
4.989271358214952
2.811450653956811
2.579596324193846
2.752769260259031
4.672668077765228
0.5812439484066927
0.4508299117353999
0.43175731519164395
0.4489094620167464
4.574480893395472
4.89569834475529
4.801858534092937
0.5379652621468765
0.5083493682067781
2.4464710988037224
4.860425206816789
2.4400215347111955
2.560214547341521
0.4598032129025126
2.387192098092467
0.621338150339763
4.697541921355372
4.82617972993841
4.650710805825817
0.40108087805239284
2.5736021585617586
4.772444046678671
0.5144625440739035
2.677597657643494
4.555155323983336
4.506273048660554
0.6266088743552883
4.641262190536315
0.6540350856156805
4.822956610631453
0.5602643953990398
0.49981646284162734
2.4400191451016937
0.5162016321671496
4.640305878833381
0.5778475680992352
0.5785949524497547
2.665672451040551
0.293282409899264
2.5614583354935414
4.580362908133413
2.472130795218486
2.6170728427918912
4.747003759574774
2.4776751845403497
0.6389347617190617
0.5441357532558413
0.5838218014014374
2.422712971494739
0.5358775700371277
2.46399872582077
0.4210045343358149
0.4269672603296006
0.6869102941212686
2.6526873016930144
2.455063639101433
4.742106266851806
2.4929622346572526
4.753718012939702
4.844821446321371
0.33671061143678044
2.724988465696406
0.4638303490576624
0.6231603433425257
4.636753363025634
0.5292627283729369
0.6243647018756848
0.4198625034207712
2.712622153503564
2.5171936331199314
0.5203703879756436
2.5728293054192846
2.4692680254973856
2.4835298586184824
4.752643420946957
2.7216219470860814
0.62235501302813
0.512417987809193
2.6049619141513127
0.7266137891699166
4.724121018643289
2.5515096719995407
4.722608110401279
4.575932449660395
2.755480071135495
2.774808050971441
4.674132069138016
2.712170278569446
4.671255247997854
4.646774776959501
0.565790110822663
4.61602673099771
4.816623577419546
0.4247817166121
4.772979053868897
4.822179372107668
0.5485058456657634
2.751238382914062
4.741511993989507
0.5055979465543492
0.5108315208982792
2.6853543977887195
4.83869454517643
2.6090221938869553
2.765735248815253
0.8395320510345674
2.5671141980722947
2.4553299555769246
4.722305834269704
4.679517784171422
0.4729915303288877
4.684690117016079
2.8335570644842147
2.614171358219549
0.6045747608934638
2.6254160346830426
2.505633662256239
0.4625838241028014
0.33082569376745036
4.816196908501395
4.789817515373181
2.6338646378348187
4.687555653652846
2.6134715082168736
2.645427036668663
4.6541500378104725
0.4668707997931674
5.0005676045040515
2.6445260434592477
2.6880186119193548
0.6803640630866397
0.47891728366457814
0.3535426644604816
2.6319152785226114
0.5745962759889769
0.6074344205365187
0.5640970330687677
4.77505616776529
2.656757506710051
0.5876245308089216
0.43674049335761345
2.879656880122513
4.636452770451182
4.799245064078669
0.39310941782686804
4.759658596551524
2.6351686620547854
2.6782651778292124
0.31322248862118274
2.758121151980208
0.5266318914931146
2.8084027453579665
2.511707067785318
2.710255758933543
4.62792547877631
4.8266923848898875
4.820918740070393
2.653541639720367
2.646546633495155
4.7247840029875805
4.612998102023659
0.5196137337459464
4.580953094030941
0.5522007293580791
0.6503462181261193
4.861122351709677
4.583118745800071
4.853213194457167
4.758960854959223
4.62133166414275
0.47131893614066983
2.557194996947904
4.757626570975222
2.486383195609945
4.973242467196088
0.4452638247366417
2.6321966599695688
0.5610656699696714
2.600447018080953
2.5684944437594495
0.44012767411438103
0.6610971861903838
4.646995593019389
0.587409163742904
4.740532982700912
0.6132594648398724
4.711270454652834
4.587340465295991
2.4167918769804566
4.962559689408187
0.5075455881794755
0.5936830681188461
4.661774851074627
4.750210023965686
0.5167682780071544
2.628952232233578
0.41532351040027465
0.47587859005297767
4.7223806171025
4.9739079750268695
0.34578934810011314
4.744948826580698
2.6955164641550913
0.668443871065191
0.3860029435094914
0.6009360606374031
2.6093981451697967
4.802362997667359
0.38785099952335744
0.6550857132004027
2.733985840706324
2.6416059995275156
0.540636100087128
2.6035913649546707
4.772658354138519
0.4864508394181796
4.708847214485591
2.5331757465980416
0.5273331859509899
2.730777782037912
0.6466117836390286
2.529336246443949
4.661665061207012
0.5840211731108991
4.729582638001071
2.669163377474342
0.47907094601767614
0.4880345615479476
0.6551891011129984
0.7554364618964493
4.877878122339571
2.6705313129462103
4.939747588556717
2.6690679762426353
4.7709389847497485
4.7256735284965465
2.688188134353198
2.543211060562136
0.43831238929435445
2.6510241954947533
0.4171078075599321
0.4892098858581802
0.7723618977265768
4.663451447748717
0.26946816811517776
2.5396701360614036
4.541832261169179
2.3821229788900333
4.783091579068933
4.705281474632846
4.615005553551379
2.6674460960694573
2.558506176803186
0.4162385365048202
4.660271826561407
0.47166015188354554
0.7375773666831023
0.6558066045207076
0.5416791773051457
2.3773198371365756
4.579552414440676
2.5375554895262455
4.744118529381452
0.6047754815304005
2.747451188604404
2.5584174372201827
0.5909008194380566
0.4245996419082216
4.645407868297169
4.620441848522127
0.5038321340496406
2.7602366521630457
2.5477038026607524
2.5912895946429537
2.7007180422596875
0.45257648760017644
0.4644808184702842
2.618972693115162
4.642835705407536
0.6889267487953645
0.4368284718312715
2.515232145058297
0.7899837276150836
2.5072955460553414
2.61302830606891
0.551474254755334
2.663727956552183
0.6799684935795571
2.4976054615873964
4.58458407436254
4.744806719834786
0.3135023806589623
4.64744539878987
4.632585883923776
0.5735136495581086
0.3327614485563993
0.46468574418572295
0.40508253542350586
2.5409446659574524
2.7013837517309685
4.536580803343934
2.7957014850637107
0.44037083750711814
0.4253955204845418
4.598819585115319
0.6788203190705573
0.46639872454731984
0.3655743630938306
2.649871316116864
2.728174047848053
4.6758559233080375
2.6116113198237865
2.7311441963558534
4.671752701105027
2.503998256622213
4.798055246437511
0.6121336297902171
2.63302118532706
0.5413717483128089
2.5225353915936757
2.6110747931138816
0.6341728956414158
0.527527027002173
2.687203305723572
4.771049523448623
4.792910578345871
4.877246190694224
4.678910887802036
0.6280047607017082
2.641572562870246
4.598763954216424
4.677019792914097
2.7009046335313567
4.60789689341651
4.959826937572065
2.466846968650439
4.730688582868587
2.5742099660963063
0.6386433016785605
4.747764138904598
2.5527780283853283
2.6519158559874567
2.708931497356543
4.738695295756936
0.4407082608186138
0.4095784708627432
4.700133544750604
4.547410017084892
0.5681890051691865
2.6190433515302396
0.6278926856940915
4.760282449427396
2.5098756842687004
0.36775240753214833
4.795870005481864
2.6761357920225106
2.6569266734457884
0.6094036748119458
2.6510845419762754
0.2868645081190873
2.736425522772333
0.3366070814903673
4.936282763072925
2.5432397512717553
4.814091016698807
2.7012644363391645
0.4747822259552262
4.818586161857276
4.734784457992897
2.636683172943139
2.5533768627289035
2.6877293427040905
2.7354186442241013
2.510097983119009
2.606562688646358
2.8046920469460312
2.451547780050049
4.515773049076632
2.7683721599360958
4.733473796220193
4.722577695945912
4.629953869336085
4.771951428333322
4.907966453083207
4.632612997243072
4.638777954826031
2.5987091715942987
4.607481974416302
2.5193645218055263
4.645408944500674
2.664419904955361
0.44506370411929497
0.47191350269125537
4.875653870341132
0.3635765036519927
0.5846174773538924
2.5740560668078207
2.7526130066581835
4.556169545531199
0.5458054067158102
2.6826946237453675
2.8954836020566663
0.6268933358214674
0.5766702714626915
4.594907631617048
0.525168985447511
2.6247931453202846
0.3991395764170544
4.651045224908465
4.81523126056029
2.642801694958641
0.5152124492416406
2.353948207265939
4.555595383131523
4.730628080536429
4.778065420470681
0.5140884166297373
2.6839791543300713
4.903338190189173
0.5666650546606383
0.43664305717317065
2.4164183847465566
0.47089512962526753
4.672925707439021
4.7544826441109125
2.684884135551799
0.6322353010121003
0.5134340709828138
4.841880672411741
4.79175773282446
0.5745454053674284
4.688809923542239
0.4684494990747588
2.7384571576961667
2.4721457557620052
0.4194128161368254
2.631764560754982
2.778372081223442
4.640086585859114
0.5358195030173956
2.570216236648685
2.6944073744158956
4.7975760555366715
4.531069092002073
4.824906118853575
2.647147943969056
4.86079726720101
2.6763362332295064
2.7298472318189737
4.667676659390245
4.7493873318599515
4.724187172316805
4.6631338248560725
0.40814724769629146
2.276050640158972
4.578100524938797
0.5087549581255397
0.47584774599403695
4.8316712366065815
0.5658888426856309
2.856584189141504
0.5480274185150866
4.652618300303952
4.665260252635214
4.7398390999979965
2.635147334812971
0.5436738859948791
4.577696804024895
4.571992874064316
0.540088867081991
4.735700953439888
2.6956298569593615
0.5353381375313242
2.650786151928764
0.666535225459141
4.764449940936798
0.4808457737765755
4.725377011298829
0.7569663146600734
4.650187119840907
2.68171836286736
2.7470882968341273
0.45730671794356215
0.6587058045312429
0.5367590161905207
0.625885482651166
2.7846128812150677
4.473640179739134
0.530392855350153
0.45238997206295495
2.4822260534839664
0.4443399945297143
4.767750733370045
0.5280257343869051
2.5659938399062385
0.39500233386001127
2.6984489957559483
4.673288033721019
4.704115740834802
2.6641103690625596
4.577902720768585
4.675455580754898
4.733777405414917
4.703921454185226
4.665561130094574
4.542770862901837
4.670399165235562
0.4095773911140847
0.6095275740458737
4.756320387373884
0.6884745424987828
4.587606207642614
2.4566968370702877
0.5908471226318374
4.569180315555015
0.6050623244194353
0.4040577097131441
0.4635627030140126
4.694756072818578
4.700037452399492
4.94231548511951
0.7246219618380725
4.6745405264785465
4.627550288136213
2.562719352064834
2.4368509013711055
4.748945723478394
0.5838526203842378
2.6097132342984706
4.628829744142933
0.619844056907296
2.4923658069299903
2.738580124180586
0.3943055194556101
0.5577823271981193
4.711208464102433
2.391160207712659
4.674232546677684
0.441986531812406
0.5523524223321813
0.3227977934731969
2.6254877475766465
2.5767628482316414
4.7307757073964325
2.786970663691747
4.974102152682674
0.6236146515174066
2.7035330870179277
2.7286153904412216
0.670734147461284
4.589462497820521
0.3895152628499855
0.4123284008345783
2.688758400743513
0.46107875438666635
0.6344120230821516
2.635826258434848
4.72529552322446
2.7996038307474578
2.8315260345315143
4.688122110173702
0.540118227579123
2.6165951982130813
4.618525858432364
2.622230769888395
2.5535028771238037
2.56114415271336
2.6485478848328396
2.771591970014785
0.4614919592516322
4.605771920563136
0.47732410774494466
0.46670873725891654
2.6831774703895133
4.683559881873838
0.45882635777147907
2.6123946799640647
2.65538648227241
0.43311217602908847
4.784909840291366
2.5883017091075597
2.636165821330987
0.5418369052019025
0.41937123933228043
4.721332770383091
2.4919245625382103
2.6615605490854035
4.470795478959859
4.786996051187836
4.756621181790081
0.4077762684520074
0.5465674879836975
4.6860452730502224
2.5246723624313967
4.660777384182907
0.37711609086256137
4.819436895504893
0.6768638330354191
4.55164233861055
0.550818133508798
0.553924792291911
4.636472023486029
4.680002184472007
2.732176408043868
4.662408105231975
4.758617764070223
0.4930469139613725
0.41967585692174963
4.767891193951971
4.588057238442669
4.716696592161626
4.6442049502814555
0.3190479239446641
2.696649062288139
2.8093902354010956
0.5680510699329906
0.5592924975929457
2.5898587415928875
0.49557387638611433
4.776229615104356
2.660136816058977
2.7740825084924916
2.5580593223854122
4.9063788486278455
4.55373546352463
2.8953341772088788
0.7274669572190637
2.52594570394796
4.653864476519479
2.44625843128574
2.5109824256513322
0.5925530706758391
2.60146731631091
0.41349277451371175
0.4247028720126715
0.5005119776585665
0.5253154063024505
0.5391504140736072
4.624261847974673
0.3676509776998027
2.6862859791894436
4.897046667099361
0.6705403478820481
2.854303511970935
2.538881479282664
2.5991920129085053
0.5446981314289194
2.601681880528757
2.7091819588108472
0.37771794208969245
2.6921930098210916
0.5276630581503459
0.40937852611654807
4.5409604153742595
0.6314586898658918
0.559319197370562
4.738277880544655
0.525523041989541
4.697101457686595
4.384505951030753
4.669299922205024
0.5204867531619173
0.4640902994701034
0.506572561257941
0.5279331729973299
4.791052693644268
2.4835360086783047
2.500788504662544
4.714045639162661
0.5244949433333468
2.4230347090424282
2.7251010440908017
2.6679046785269374
0.5826225194486994
0.48330466126350796
2.668027429907805
4.674479292606599
4.65860326961503
4.6579163877200855
0.6569065749057855
2.670607948585647
0.45850343251913706
4.447710440184915
0.4191768940587474
2.751825537808088
4.721696914950192
2.7121077669803664
2.6988344416727066
2.5290144339349476
4.832598056800961
0.527761109834374
2.782497890418636
4.8693420280712125
2.775973478414981
4.832035458625203
2.6330183945950885
4.759822033313194
2.587628961578059
0.4696591889406914
2.6594769256018536
4.749739131073474
0.39137159464144566
0.4927240524735535
0.35873300249211476
0.6535050984616373
2.61541685755912
2.6113540995865634
4.8506695199376315
2.694885485607929
4.697014049338589
2.489937988747984
2.5742813779578446
2.5588951723360704
0.5628070043141254
2.467917567653194
4.776079940796038
4.693192713605842
4.70819689795713
4.8507675224629585
4.6560346555835554
0.49477853480147754
4.643084886386
0.45889783224827396
0.567868207473575
0.5062050210141733
2.526985574214332
4.762202403248576
0.5046110133760193
4.849463954245656
2.6228102484988294
4.466131044907929
0.3867784987652756
4.8270812078529115
0.6057319373130132
4.73990194868423
4.618886835794028
0.5537450389566367
2.478380710410704
4.833273716380383
4.747861674889084
4.779145069217904
2.7430360823379405
2.581608980984068
4.635347523119195
0.5179414282960889
0.4368349490745175
0.5778866440776442
4.702255927550987
2.540551819340168
0.4821723744982012
2.480344921845913
2.4877850942958113
0.39395794514628324
4.659714222462901
4.762831139396225
4.786885729870419
4.829248549680171
4.74941579755117
2.6948527934498667
2.5768001461474053
0.5692765737256282
0.5321109635613968
2.6957583513108188
4.963380807189219
0.5033539095758264
4.567078958103508
0.5219782605584903
0.45425314399450134
4.764667337390462
4.822418136412553
2.6201361296503096
2.6221154644332767
0.5403541645840162
4.515731831065806
4.605719686943862
0.38608094958568784
2.5582382848238128
2.6073029232896614
2.6582187629759777
0.4264196857312002
4.762567508833137
2.5996228016878535
4.681285345101322
0.5405615051903003
0.4885854382803126
4.765135990026181
2.5400836909481814
4.734047413726974
0.4633134734507486
0.4717693733372828
4.692882454545252
0.5804097276552949
2.674416350051506
2.637056899013069
0.5754225775426918
0.4965880757577917
4.656745394848364
0.5905723199327736
0.5277114368384503
2.6380987993156992
0.47884724263019224
4.77972075327868
4.791886785711335
2.8083799664067017
0.4643444458261291
2.7022056194022435
2.6560373030554576
0.5110789146686259
2.7712924934593746
4.771993718238894
2.823570998261811
0.5123794027807433
2.429457628754804
2.687550027673956
0.6795335583549453
0.572845466338815
2.525136384952047
4.701156602958111
0.5199979833277971
0.44688948869469336
0.5458283326838673
4.808032260819948
2.8097881572097463
0.5794347861225309
0.5382211533213714
4.723248902121307
4.772577732406404
0.6147069768693512
2.4969567542372233
4.884816203703056
2.7504736812971937
2.7691257362182
2.539893088139191
0.4832138023262043
4.8419338388480595
2.450941375941051
2.738455815249557
2.6105481885101387
4.901192309281037
4.833690710247695
4.776625116493618
2.653834142283347
0.7493936562358541
0.5103848263661781
2.6328518061442376
0.4995816172309297
2.464441056047267
2.4229284597279377
2.5345847580966003
4.910942474187397
4.648296845490329
0.5592763846318975
2.5094298420470467
4.780193576804063
0.6232760476084822
0.6594548938946545
4.718548427608112
2.5337813791462156
0.5368864013978525
0.36826399030574786
0.5009349035852539
4.818912417102335
2.6413220992751474
0.5110773768026171
4.742683390954211
2.652078382910266
4.659832563726437
2.5196842811436846
4.56811143455987
2.5444031470070043
0.529502385273681
0.482463265122447
0.5935596568692884
0.5522433539988093
4.750942230319562
4.707018006161342
2.642692280280292
0.4968323757082072
4.912040081536856
4.660144969287001
4.687914094742155
4.72679033861769
4.60299828928824
4.803513356476778
4.613300995320686
2.6218701600616496
0.6873250439720289
4.7945607194157285
0.39571107914974574
0.5599475056675098
4.752307159450521
4.848091948909345
0.383139073605123
4.637864708126042
2.435751192935131
0.6564988294138603
4.718933943817933
4.4649548150841465
4.593514574131381
2.434696264933352
2.67973330377326
0.48094948742974514
0.6296160218024411
4.529106185226876
4.88633997599843
2.6426865158469175
2.585147478901845
2.6889656456838003
4.427656274908171
0.5052237989407087
0.5505305880092679
2.6672868747553533
4.77612372909347
0.5610475477377097
4.754096172589321
0.5431438452238673
4.698717511106458
2.4468522913103246
0.2747900065608157
2.5106146250663284
4.680083223285513
0.5872664035345707
4.5715092221686096
2.562883503958378
2.556149876305681
4.744221499554535
4.627105308285801
0.5569680849531542
2.430080680587899
4.7078134908164255
0.41001557315659304
4.72217832722954
0.5700827866044931
2.423270449593973
0.4335513874784739
0.49457289183016967
0.7288776258080213
0.43755656283365607
2.606360286495089
0.3996374343858759
2.5251269479129292
2.3810226838074233
0.6118610179453803
2.5918206629875233
4.740219374750468
0.5023381559907392
0.28095246278378067
4.564632461630318
2.8700144829037346
4.901808615734059
0.582890976676349
2.5004893112357442
2.6285667684820178
0.4712754228185115
2.7208792991817945
4.72952979174726
2.5991168609902178
0.5466419123998223
0.4978547016711767
0.5440625670425312
0.6395214057354592
4.860448586389905
4.693539415521737
2.5642538335151928
4.855406398279968
0.4070474838206612
0.49016879233194305
4.675996355327369
2.5801326423629214
4.705045510774028
2.828552142107698
2.772611514828873
2.6676137070717627
0.43390935373113615
0.4374842316560693
2.5717701714381795
4.808097228247581
4.616169522171124
0.49573274774695003
4.8288258767544034
2.6192387808465405
0.5736998646145637
2.618550913522396
0.5795915770724973
4.785831766406578
0.6219200271658387
4.6176046304009795
0.6614364275192318
0.5644310506761824
0.49475961195247203
4.7114422012641315
0.5120602337187006
0.5182407554477166
2.604477750653451
0.5032466591398375
2.6577501148739233
4.769565067794598
4.672718661993241
0.6918457338956612
2.6769113196177416
2.5591974098472545
4.60779246531643
0.49976664711162416
4.566607682694543
4.664910070589245
2.7540838730219868
2.615952252898214
0.540217815131049
0.41881924397549747
4.527180531133201
0.5783211091937759
4.666450675760492
0.6695884109356189
4.743140714064
2.6350934491459728
0.5076841812679043
0.547158008737141
0.45244668007892896
4.692669385345785
2.632288818666891
2.4264115128412884
0.3845355950225753
2.805305723255021
2.699377710219136
0.5337014393152866
2.7684782497894425
4.469339175274525
0.5584083010299472
0.5032826923726621
4.571881995443707
0.4716276859392559
2.601893806504994
0.685988087250158
0.6109876420102356
4.702123578638536
4.78698801578895
2.400081868786475
0.6436628950972276
2.6881632653024297
2.5608363309024593
0.7016208145758416
0.6027688398543374
2.541078864026601
0.69036606963925
4.9068711710993815
4.823804228407039
0.49800359375646436
4.804814827591571
0.4687657326436339
2.7257978306675255
4.754584861830846
2.4780760466567724
2.555719178193943
0.493897665160768
0.6243315554375
0.4309719557661783
4.745538266890723
2.682723155177542
2.6859997053361155
2.5478304015902093
0.4839839347415242
4.802203332180296
2.7109299106979443
0.42349279591011174
2.7046012936509207
2.609761877046423
2.535072166167015
0.4088884821562279
4.721393059343385
4.610133207134331
4.79798549256904
2.4641643833779083
0.4119530310816379
2.490000739468
4.815524258817604
2.5850923918063398
2.3756047469133916
2.8244572272102038
4.760958856530383
2.7129829702825745
4.775604779119924
0.5425176560605489
2.581093419589165
2.5476100115579965
2.6361692325741535
0.5242760426744587
0.5253013505986811
0.6034960348889684
2.611001070718624
2.842788002624917
4.700667425253231
4.78909406315673
2.5266825044085786
4.756000912165803
2.421411352275838
2.5825350242569836
2.761101248134115
2.6598253137392196
0.44963755424068663
4.798814897696375
2.673675398810959
4.8043405813955395
4.771694256520852
4.729150824654083
4.6999436583619625
2.651418396064543
4.62866611914542
2.680998237087231
4.863737157992047
2.593428391357426
0.4344603832810362
0.514708676940302
4.518074506461599
2.504994837478256
2.546892786476098
2.709079610790714
4.611344658295461
2.44662494475869
2.6217752242232635
2.8278128254680093
0.67983645588204
4.600415028693034
4.924316278789116
0.4759815417789815
0.5414100807504265
4.754833974622083
2.558863224805047
4.741819496991969
2.647456833523165
4.6756463995108835
4.5736305898283165
0.5456582336133431
2.5992287915595913
4.521185846259454
0.616197257323339
4.68557958664597
2.6587586374197483
2.7069541088861637
2.610478513560928
4.6411881454446755
0.7102164398947042
4.789700458503969
4.672596614013423
2.452981379421417
4.7054305601005
2.613393003319466
4.641177390654321
0.5839535861618517
0.6801162946372115
4.799413345263787
4.6349980728407765
2.659249075307024
4.8043570021249815
0.5704270748280638
0.6255675242482535
4.829728918354528
2.8169022718039374
4.770562946911346
0.5388865743508793
2.6644451337903727
2.385913752510242
4.856928162937793
2.7751646206254477
0.4270808807302275
4.746366174090873
4.711168609606597
0.6563436653332381
0.6059774560882729
0.4118924545601394
2.813520855555069
0.5332890484678693
4.703158256888696
4.687019125252341
2.4803747642733027
4.603472267679926
2.5487880737969095
0.5253377522611512
0.4862067940236405
2.6496577638262373
4.56119526745807
0.40812396025759495
4.7213453392817435
4.746599737169829
2.704298716591933
0.6486633651715101
4.873626112494056
4.771133977413348
2.6309873758778672
4.754884735356507
4.511614935154158
2.4130051218703237
2.5042686799803846
2.6709839654517693
2.775592410921446
4.826847380279972
4.672076474343818
2.562858989008266
0.4201015449063014
0.5705227107465962
4.561099134338804
4.818893704516446
0.4684130495209911
4.649453054593994
4.70512485007088
0.44003975679692797
2.780395560895519
4.710808505246999
0.5359654808619039
2.476999437036195
0.5572698704500234
0.377004390385021
4.816283769102278
2.473833716151511
4.729903782307731
0.5123086236054639
4.669194471383118
2.5823945997023627
2.6498026574179083
2.5529411743961736
4.657919490803917
0.6342134180881028
4.616741571583187
2.5505822977521593
0.5402599071155343
4.476156508178158
0.5422375790556833
4.8821740879711175
0.5905074484989009
4.937409208885013
2.5575255453481596
0.622293496939982
0.4145105623127034
0.6402203133237905
2.591005503267931
4.77443020995064
4.717771505935738
0.6494001494531851
4.531557551916215
4.655831739866264
0.47642477259308597
4.809204215210043
0.485623404589914
0.5672698437550184
4.64677512200716
4.744850870457575
4.65488803640371
2.7015617522506155
2.5396872965344026
0.5858796312514756
0.48385038130083663
0.4887422205561835
0.501417205937541
4.76939342118167
0.49500415825338934
2.7842808733687456
2.3519007686108093
2.5489910565439664
4.702445187662017
2.6870368189219804
4.774237538536378
2.54412790977998
4.637067708447674
0.35175615919638087
2.494568756019785
0.537788884063078
0.4188276961528608
0.3933852752790584
2.5872359466310506
4.735008640878918
4.885337640167452
4.66778704715643
2.681507927044306
4.842808705723189
2.6824845105758484
2.6255204621085473
0.43666146872644107
0.5632473820375311
2.5576399057059627
4.710896954177956
2.5814598310258843
0.5029537101633272
2.620792482411169
2.6539953510842578
2.5012026452636182
0.4559044182041886
4.748552509720395
4.85909034284531
2.644339138019982
4.880013843212376
0.5363248642402698
4.942693614394462
2.497006608988378
0.3725739841486866
2.7255630081453233
2.7417167890666483
2.6785733921472508
0.5234691612026722
0.693421041652508
4.727523095138398
0.4413181221918764
4.755792168267953
0.32053187574009445
4.76198708201128
2.593038168650698
4.7110772821698275
4.630948162846463
0.6805403897565581
0.42228125207990114
4.649433672813444
2.4760173102752763
0.5339916026492167
0.5990786745395753
0.5740832296585741
0.5064527311555189
4.765155681925852
0.38698443951051
2.54236466089879
2.6068065944299117
0.5104756700186661
0.5507662941104312
0.5234025091767756
2.6123468708654687
4.505512238536867
4.721384270772419
4.728714686360116
4.9607606423509925
0.47104882966834066
0.5940744137817383
0.754556510299248
4.668833643828004
2.5416831724957385
4.80179805827458
0.6731938933042164
0.5794375174546558
4.613888024937301
0.508598884672532
4.744494664376011
2.576356738269462
2.5215189558691984
4.746696262721683
0.699796560004856
4.742423293324623
4.6444747511651485
2.6165593755766126
2.4496806640750477
0.599935850100899
4.669679057817315
2.7263766734641317
4.60042096105149
2.5573610249672845
2.508527175323569
4.744849038521576
2.603790767131003
4.6773550588073824
0.35577167861073483
0.5306777821259328
4.760143269021702
2.599085049363745
2.812439748927745
0.48522115689261597
0.6798419893236687
2.629253860300497
2.6412830317418603
0.3263030323139014
0.5143603997107606
0.552494143055863
0.5036208506350743
4.795452958946501
0.5433497797515685
4.784716065412766
4.75127034873425
2.5384564285408033
0.5322839440707693
4.844134870102505
2.6327035696158267
2.689164335657625
0.48800309703776407
4.751446556163549
0.5601695199327699
0.42612312019272086
0.5175624181841312
4.584634905092174
4.8924854482098725
0.5524290504145505
2.6023916841076873
4.653484432697593
4.703159882814343
4.800625242875773
2.6201053051537713
2.503377286237066
2.719922587532585
4.835994526698096
4.794542939814979
0.47872371774996086
4.691414764005121
2.6375406633940868
2.747028493341043
4.636895914074085
2.774634702975343
0.419310343641728
0.5781024995994637
0.425871918595849
0.5981853825290632
4.6649193895161485
2.6233108894776125
4.6321762284543375
0.3665169814807512
4.851753508870156
4.700810008653668
4.691988027675594
2.7925986867490824
0.5510972019842721
2.477162331953022
4.889325710204283
4.783768645303282
2.5410793726169207
2.6147261554484595
2.5607566909709965
4.73716431774378
2.630961565586464
2.746238448029665
4.530063247547992
0.5147531351261512
0.6050580628786588
4.629003614788815
4.607808723212247
4.72677812948488
0.6030094620117664
2.6486056300435363
2.6353797771737075
4.93770108721689
4.787335801806164
0.703538902407698
0.29115569498923544
0.6388183458576289
0.39911265083016717
0.5647577270110651
4.767709885994621
4.807229709669303
0.5017872278491284
4.709716130513118
2.554227457190555
4.793265247907725
0.4947431632345332
2.5058297398323215
4.755870244758526
0.35102146752518
2.589329382544053
2.5592174065522517
0.246915136155745
4.765611468321667
4.662022507243369
0.5840623600441812
0.5831961257396652
0.4536235173951565
0.4877072447898905
2.733010017681787
4.681897907988021
0.4934254386695251
0.5463802713781083
2.6425215762220833
4.733529249909815
2.756681336641892
2.7882311694577107
4.786127474659499
0.4407984330547968
0.520230717016835
5.096051595580012
4.619270842693386
0.500946279304703
2.747790606931797
2.57227795033047
4.864204453075411
4.772031507379119
2.7288801097512496
2.624734389948459
0.4626494510964255
0.5099133939589624
4.75960366950454
4.7406032133274945
4.926206797493257
2.5995649083361485
2.514731373556411
0.43926575589159833
4.674306843667591
2.5054548773710326
2.5545955206061812
0.6192308596117839
0.5537346550748592
0.5961311840330312
2.643961516125076
2.672975516574079
2.7965292542608515
0.7114888566957938
2.6319610491578382
0.4928800350280566
2.5287933757985197
0.4701069819611519
2.5237226682123937
0.5677497225600964
4.773920978153814
2.52959224332846
4.772810292531649
2.605608993526938
4.7382656100870655
4.651394784007702
4.808158459839717
2.6859290374453693
4.869577929618284
2.5051359283292878
2.5455799091727873
2.530599754306208
2.7951738525799303
2.7166307193807735
4.622896603056942
0.46687034094422125
4.870025458868544
4.688081198287
4.631998063701585
2.6125337204106813
2.5048434538460036
4.690925358626236
2.4784356477996052
0.3771190048886517
0.4938650814515047
2.763555621782811
0.34368236125917656
4.51479006883968
0.43170754343070283
0.6953000649222615
4.540993695158853
0.5907592820849485
0.5165905882426327
2.614466477654994
4.9343775494864355
2.701664864657089
4.698173344821829
4.501953329655114
0.5719681359174991
0.649269458369089
0.5033872252669502
2.538293125035284
2.599081211857102
2.7108887543703637
4.572154825819434
0.3710655977263677
0.4000337752548992
0.4618303846597077
4.607201855466219
4.574938965381312
4.645952318556468
2.7616238443892653
2.694689287731357
0.5072990344651833
0.4810821087024442
0.5283693551343932
2.4807326557030147
0.49849383550211274
0.6026165300400704
4.832966216246661
4.82211091919869
4.866523465099241
0.5528337536272332
4.546601354992802
4.8296898596948
4.766623948740071
2.5471822045425547
0.6877535126878316
2.533959483665529
2.678856793572601
2.7558672538314113
4.813932072094907
2.5491307031453774
2.484478674530782
4.743396510273893
2.744403202012309
0.4068272112032804
0.5660063910733132
4.691172609785224
0.495411155962498
2.5789224113144207
0.6308246378415917
2.480997989978955
0.3861780094022248
4.754013550002844
2.638083053195983
2.7157427739100446
2.4145427408612035
4.7343470931734455
2.4832773065148612
2.631150560397691
4.661286466376239
0.5276632000054577
0.5439009633540184
0.5594576470270597
2.55751337218372
4.550245455825075
2.6041877699910887
0.5104852046131207
4.759732040190626
0.6140791286168406
2.5729453303219505
2.7522350279181143
4.689964482263495
4.670268023904935
0.439741935199644
0.5439444088064274
2.579434991902291
4.804490655377964
2.8319132159056353
0.6518326002184953
4.932729772202239
4.591235025332975
2.6088741865740173
2.6359768324216697
2.725845389061024
4.789861127089296
0.5837202882737003
2.6239456638272824
4.718838191767606
4.6788964547380045
2.728103999620323
0.49829440453833623
0.5908859899037396
2.5585032817958884
0.5081544692516637
2.6427799993073084
2.5262180198889053
0.5084426854132291
4.683852788761347
2.582637729137463
2.7457651273736636
2.6489643292887473
2.5894727659154033
4.761600986674116
2.754644587877104
4.693400332979993
4.797801171689149
4.773937838889535
0.6629012283960378
0.6899092001657712
2.6230876318433394
2.7104875313479657
0.5063290437679104
2.756039421582065
0.6346626375344968
0.4421353051887006
0.5315013966153096
2.4366211092719876
0.5351479206075092
2.6267458220177327
0.3318638907973908
0.47429013783676927
2.598378430915842
2.6504305700137945
0.44720793631639766
2.5633218688692976
2.6991396223573076
0.4693630928668789
2.6821687839466617
0.5873077394437357
2.6961995263435306
0.4358033482843412
4.782563864183229
4.901832963127104
2.6041742715312677
4.845316747661522
4.852147495814336
0.5759438568585524
2.569039383038566
0.4010532416624039
4.6260479487334925
0.6070934084482553
2.590041880899046
2.667977513583976
2.3857930054426784
2.667897034315776
0.4295180930336387
4.663856656681247
2.5576669449772824
4.662718507543055
4.830593249241247
2.627879040381188
0.2928648168591378
2.5801735613776025
2.6197423648449627
4.74075524922752
4.649593084097594
4.8529514310717525
2.43709728515969
4.626745872140839
4.702127318712517
0.44802287779429784
4.567706487895414
0.5779696149086802
0.5308835082325225
0.6287213673642712
0.5204329867746491
0.7436362649615079
4.666469236982195
2.5161346158045137
0.6143555610064662
0.41941205280336463
4.7341583683637065
4.848327416779108
4.731330969668188
2.5566126535252076
2.7160329134767167
2.6290516220641456
4.711817497321381
0.6318751235012074
4.746516166107009
0.6361404476473556
2.7307104423184128
2.6419471782485227
0.5913345291917694
4.647491902161447
0.7540543158275861
4.835344027414702
0.748864405634462
4.709686763659607
2.556375846952233
2.5443637414525444
4.841461882704794
4.770139005195076
2.5080455256266516
4.412040436216896
0.5199232774763277
0.43477222543332716
2.763852229918236
0.4569465764688957
0.6598601523686086
4.622569821686616
0.7018222862255543
2.6161953071132245
2.555941464805745
0.46366192014508445
2.6468391764758556
4.813777459081574
0.6756928811779592
0.4294745825137983
2.686588792335439
4.682362874906077
0.6427642602732593
0.4936414473741985
2.737539449528798
0.5796386518513554
2.5693996797208416
4.748753628062307
0.5995995874875982
0.6095224920573534
0.49220472000974363
0.5967989018630823
2.6705820710111032
2.5034291609127015
4.635111290901227
4.653164433713729
0.4573512203604787
2.7025148495159326
4.808075041078632
4.671605265703064
0.5752856449197152
4.677875725650658
2.6793034108149776
0.4572892877306385
4.550005772672475
0.6728376293888975
2.811316003206339
2.6690850686225964
4.787483950473031
4.672896553915195
0.6233805887352037
4.755658387129118
2.7270590373500245
0.6621598358086499
4.628802327297359
2.662238681919474
0.6245773275041153
4.5804553173908085
4.672214860174476
2.626979667433543
0.5697511320943188
2.491973804984425
0.46659474015185404
0.5105140326404058
4.727558174572646
2.4979458087832174
0.554987256362432
0.5400320503357376
2.605277442800754
2.5239002982333574
4.793825763208175
4.604411455468937
2.467006710587625
0.5189891979355102
2.805202209244849
4.674295109059174
0.4897263737385151
4.506176379278346
0.4546743159730112
0.47719315589075234
2.5682364867581713
4.7559665535246225
0.5156861065877802
4.555289987855087
2.716924210771994
2.5585177768693836
4.805617135581965
4.732364632423562
2.635986152658018
0.4164416659325683
2.689587796988648
4.789643107615692
0.29513600503970994
0.5913464189646671
2.9053319241488853
4.823904497014445
4.782497807109403
2.5007947400337773
4.573455054587967
0.5902848664122847
0.4157377514847516
2.6761258006074784
4.7619281702388445
0.617610845995874
4.77015419691069
0.5546291803953807
0.47946506164205066
0.48990302146344505
0.5129281918204749
2.7400485567725084
0.5908499373917082
0.43422965594297713
0.6428375973740892
0.5982103423784695
0.5635265641697047
2.6213655286070567
0.5280005718003244
4.920388322317013
4.992862924228851
2.7280306157949537
0.501243099972912
4.727774037368608
2.576967887665543
2.5221105623996127
0.623597836474653
2.675529427086624
0.5798267340389374
0.7917026010513342
2.6332908335244816
2.522323683897552
4.895799119046213
4.778952471611518
4.737996698560753
0.6248383711524998
0.3928057643746621
0.5532373269696583
0.48551568618295143
0.5197864325988198
0.6290748330889433
2.606993077586533
2.5765542394151266
2.655186191799608
4.717276659656676
2.5239845709840583
4.584468198151133
0.4695476976047617
0.388851134423837
0.5150854665963422
2.7265399719109222
2.6480422383936837
4.797343261895619
2.6804442269584774
4.5802640997463575
4.722563221041761
2.8240670537598067
2.5663612018125357
0.35875544945339793
0.5063051788813846
0.5915270564738481
4.509016559663813
4.786701283073647
0.49587746286727813
2.5517611318139912
2.6605453977835385
4.714911263861841
2.5183004638100304
0.4825462286916912
0.5383092868863473
4.7854828253849595
4.748219600757052
4.70233110767697
2.5327874238585455
4.832615601909116
0.4920931545020581
2.3764322139066922
2.606043059756491
2.689067125264514
4.693816739370246
2.582432322003283
2.477091869090998
2.5375166838152685
4.757376253978312
