3.650792005924109
3.6874544033615506
1.5948744995457904
3.70901509260179
3.6342697277517777
3.6990463702329155
5.724370515709802
3.640504451390757
5.759380264813957
3.686426434135621
5.806978906463703
3.675922165886538
3.6506822310822185
3.676285589383176
1.5696554524188726
3.6383891908676635
5.736626478246978
5.8126778345239485
3.7239063357106055
1.5270532256130211
3.6189128993009083
5.743986656033728
5.728596110440739
5.7966307509689114
1.5863499566200296
3.6976849741604023
3.68795966472585
1.6195996714414878
5.728040263950636
1.6052721554609333
5.740963257462128
1.5549713180053402
1.5547338686072785
3.6876802271506244
1.5942187795276161
5.7757814120754745
1.5557933187217436
5.7574024281002005
3.669741418414847
5.737358784032836
5.7406343738134415
1.5818045338682898
3.646451968824264
5.770841729889629
1.5692909512999584
3.6610230994487933
3.7014121925007273
1.574915359905732
1.6040396953142166
5.7817333501805654
5.7172362865207935
3.599338402323773
5.798456850469736
5.746320478086463
3.697361058589091
3.722461341674511
3.6327971838295814
5.767631582533277
5.794464249098783
1.5847788152778852
1.605863546174217
3.648564919859519
1.5591644075721778
3.6537063406883954
1.5833225523702912
5.745483003315783
5.758942075936111
3.6806529734413163
3.7003937720805093
3.6285657623442527
3.6549651785325032
1.5658142856255153
5.713011951665916
3.6294854066499815
5.7848088595834195
5.803915967927557
3.682380790353105
1.5555750460131208
1.5452323697219263
5.771636550225879
5.7345128111575985
3.6922195080272435
3.6746610811053437
3.673474782638645
5.730998589506647
1.5928988406766038
1.616044369545485
5.743605117395165
1.5896839234309437
5.762220882498057
5.7240587129319325
3.6743107179059518
1.5564072421027688
1.6189520015199683
3.605455643798421
1.5881358575689997
1.59884421065505
1.5733259723542408
5.8194349422125775
5.771276919703918
5.726937813327798
5.721148211721412
5.731769298558281
5.788767940651019
5.764028101539322
3.7250373330718176
5.757854391532421
3.6481508482841165
3.6928247178591653
1.6330157891872499
3.6891104233987213
3.6404159926842614
1.5419076661931024
3.64091471504793
1.5257050478568868
5.756894723003352
5.7551567399121
5.758523474114693
5.750959049847541
1.5823911273380893
5.776083054489463
5.736294020327274
3.6680485350315424
3.6607900891690983
5.737704700553713
5.721492197331506
3.6959142202888207
3.662181573461785
1.4943060540896025
1.5177264914038373
5.809148997738984
5.724225621795242
5.7832925203622185
1.5932722038734703
3.618278954967677
1.5220251801345395
5.766375570257288
1.5932300477156787
3.626230582823158
3.69182587475965
5.776320601358152
1.608743005957296
5.78972351748347
5.8120585850962065
5.704125973627892
5.764151697877559
3.6788380483523664
5.738802583115207
3.6982312577271133
1.5623839342263972
1.5829038823528963
3.6286017612887598
5.769398414899675
3.664493584335517
1.5718756244949166
5.739281782076415
3.6763244957802583
5.765262803542408
5.7681567055435545
1.5401625823152476
5.761137179858804
3.641540784503769
5.792117852426003
3.668692509676559
5.760637984755315
5.82509565160782
3.6860296164109507
1.56133530198227
5.75461988281037
3.6600866704141124
3.659755965043936
3.6079897939685397
5.752346788962694
5.774216932422337
1.6139579899038154
3.6872273686367905
5.690377314366933
3.6769916901705217
5.751970746746244
3.668779582709364
5.763549723960365
5.778715800072846
5.7675820657162555
3.6018380346056182
1.5426316467558783
3.6821720516761514
1.5316109923901173
3.6720981464390974
5.811727324572893
1.5368560335847263
1.517336971662486
3.6621399057648487
3.630171698609566
3.6155319624155897
1.5599378056114963
1.5546914008231392
1.5577637485447389
1.5794304972731927
5.739688268667123
1.538355371903892
1.5653481392294823
1.490073765260993
5.75446019377056
5.779400178279993
5.761271721096317
3.710645360026198
3.6188628815024644
5.714744400230896
5.778830188901665
5.718497054404859
5.755068267100994
1.601494924168307
1.559630190500559
5.736832553446467
5.789779441155284
1.5761945230866692
5.718209463565924
5.797764018279053
5.783434294261158
3.6565685291076493
3.6265574664341576
3.6500145367538805
5.763625660795459
5.7511978817977845
5.752972149895386
3.706535974640703
3.7058116136650914
1.567382560209249
1.5894227513487045
1.5451562047221947
5.741658540930281
5.72789940100533
5.774848145210161
5.725724520377828
1.5139479633403097
3.686265246829873
5.720850453896557
1.6018731684992482
1.5654230472700044
5.799077212732468
1.5278372966265035
3.6409675249801663
1.5557665624176666
5.780661684830043
1.6313594033467091
3.67172919086455
3.691951059165958
1.5839646054134984
5.738649596130479
3.68108070801396
5.725029869490544
5.801907739542816
5.749278180133618
5.754405814679483
5.7741784874773066
1.5380743932296483
1.6030105339898415
1.6078486985891267
1.5273282653238156
5.73886902601999
3.660860243743228
1.57159223431657
3.6725664068242154
5.8328658555058555
3.624340496837912
1.554741294729704
1.5348116641890828
1.560223044139775
1.6153758641660623
3.7045057305088887
5.691262464538284
1.5544237587373964
3.6422247268069268
3.6452793619179604
1.5671530515186718
3.680334192270988
1.587963482473495
1.5733375338030484
5.776688434259106
5.79908102371084
1.5817620208744407
5.752119187106462
1.528158689982811
3.6542587655325063
1.5867881693990813
1.5130839943613783
1.6084086248916516
1.6096706887128387
3.719847586831819
5.754279207851022
1.5917588420910393
1.6117909809655075
5.826085565940763
3.7128213750062904
1.6065312440030566
3.647374165238045
5.797423437603903
5.752940447869022
1.57704253530951
3.6057653644857304
3.605697504658126
1.577500783147368
5.721955991401671
3.6389541682664954
1.5728565716124967
3.6633052709097518
1.527517910700352
5.715983279748963
3.641735387260533
1.5330510711229097
3.6236417090695183
1.607857936351425
1.5248204714188618
5.731022260274064
1.607193969156039
5.777897851778517
3.6417148838138886
5.738817747834267
5.808818938355652
1.5766408866432338
3.6781240687383723
1.5709121023045092
5.737100574083733
1.5653564837099214
5.763832879842866
1.5750878742629078
5.755053387818523
5.774255767266483
5.727856617620506
1.5480328672537387
1.5614342288076273
3.6830655730170294
3.647407309418291
1.5511247039938474
5.723648328727773
3.6377161813862595
5.704638858190745
3.6754463103272674
5.745760860726955
5.805135655147164
3.6670880821284206
1.5616023753548904
3.641162227922781
3.58585553543113
3.628946989714836
5.7650570171053035
1.5533896611701543
3.6498870545182505
1.521485874387103
3.7183221780527487
5.693427936367692
5.76776638533898
5.787310441227881
1.549529946336802
5.780705609563959
5.687549223779818
5.797846174767442
5.751209885495557
3.675156661523846
5.7589179389034015
3.6997999252448
5.743265978457806
1.5996797894563008
5.7499529582595
3.7036269727162
5.777347743444747
3.7053218747233836
1.56712875504985
3.6797800759252404
3.6512818904381916
1.6017851157156244
5.751749099267522
1.5532032313939186
1.5581885106722435
5.726460899546269
3.6930107766638494
3.6453262100882964
1.5567138541702366
3.698719211344757
5.7438631407479255
3.627306085068984
5.770384126094798
3.6096389532006983
5.773878077956624
5.774863160483273
5.764851036435285
5.778847079629574
5.77100372082108
5.753920550839824
5.722502834073927
5.781328772548705
5.804680702513517
3.7012023759153876
1.5344390285413976
1.5595490071658835
1.5705743801229584
3.725759447920688
5.750516226264362
5.754296204810971
3.6379331242369024
3.6566866351240352
3.609042812775182
5.768652671052508
1.5875726111287294
1.587778209736976
5.717937824370566
1.6054575304507717
5.724675594730632
5.768581341174412
5.723006839551587
5.80117612913
5.783297497523155
1.6061890296777959
1.575328281833197
1.5327605278830982
1.5867812353986666
3.693089434334411
3.678777072169659
5.747200970647009
3.724057656047565
3.64430250438893
1.5675675493580288
3.680702846235909
1.6019886278804516
3.684699789763909
3.678523911775886
3.6512512004562505
1.5122834006537638
5.764166664812993
3.6745141488170487
5.789933561894659
1.5909549830508583
3.6690750617240937
5.782511024447919
1.533988320671235
1.5525323717633461
3.717747331005643
3.6816871509787377
5.774896285584722
5.755896539883571
5.72978133820198
3.633292238557078
5.745632070643152
5.840513097604605
1.6000654621696735
5.78031484105247
1.6283393390895928
3.650710053989404
1.5632752830215753
1.5373118594026733
3.623781190857747
1.5054553012541976
1.5899636549950695
1.568296392894235
3.6775412990604286
1.5397776545392388
3.693533898799649
3.6820963257065458
5.750522408814268
3.6668781850800225
1.6175194286699226
5.743772073331467
3.703568523907797
1.5655908145194157
5.735698621669366
5.815551105378773
1.5477736135707891
5.804300150148051
3.627364476084115
3.6662426600582085
1.5807343210182367
3.7448987861259546
5.719387298485048
5.779133263294839
3.6812458043693215
1.5608173712248883
3.640627101195944
1.5816750813274905
1.5728467295060962
1.5602331824088795
5.729235591261169
3.69800151308382
1.653585584649054
5.6976622533541015
3.665570483621228
5.765971241915301
5.740707391297002
3.684620124049414
1.5896646066375228
3.65380226804126
5.792726535394474
5.773200795101829
3.650682628045653
5.763074302843817
3.675962105919538
3.6728106368622164
1.54532566613834
5.808805722629894
5.788042088257233
3.693480499128516
3.6751131590797197
3.7688991791175512
1.5776868601448633
5.75593541675663
1.6186195865633817
5.711687613560366
5.667820669040562
5.808842420439261
3.693899097078464
5.748921970421612
5.774882494087496
3.628411290678334
5.800950558066146
1.5878846790638783
3.6629886138212138
1.577392526137751
3.693761572920451
5.738169447778311
3.677057336276527
1.6142424215452977
1.5839997968138952
5.765555779190544
3.679402513946398
5.744561672262312
3.7223808529061935
5.759363240423589
3.6509279670175356
1.5843131275388056
5.711440886270221
5.831713272034261
5.7490776482247705
1.6144196871813579
1.5419939528198197
3.660583195623534
3.6618475198326044
1.525091903508394
1.5842332542722088
3.6682566533021768
3.7178229774843374
1.5204737113808375
5.7479586509065
1.5587934122791234
3.6518882291592734
1.6322115536860102
1.5832783026029262
5.798153267269155
3.6512385552493525
5.771474836038278
5.780929912079385
1.5577651421389564
1.575619660300739
1.6024640702429735
3.6796887648039016
1.5772144871681126
3.6818239680284552
1.615421635181136
1.5634909266167836
5.716060796209372
5.767324787786907
1.60187554178563
3.653046410401033
1.6047235220978644
1.575777914657614
5.800686593422738
1.6017442436669647
1.579089798047673
5.781438259563975
3.6729283928295002
1.5709385712491732
3.672486147332588
3.7240042687147055
5.724621275238348
1.5620516930945247
5.732134760581968
3.7017847461236912
5.810241715141541
3.676482148351539
5.7132251943602395
1.5859422886116454
1.5882264204212453
1.5467788042620265
3.7381250239688733
1.5612332744760344
3.620721106615607
1.5663729007626812
5.787520447108804
5.754309402078318
5.75170252723908
3.629256093075003
5.795710368567718
1.625336066570987
3.6050143729643356
1.5343053817581254
3.7159565118435505
3.654365519056773
3.6701772149244745
3.713324531288046
1.5423190150227146
5.714144427819101
5.736158706189283
5.7512754764604495
3.6558724537332976
1.5905469432962724
5.76697143328956
1.5968467625288332
1.5509906468983647
3.6592122781163052
5.714118640019847
5.770136398915099
3.6624158531477202
1.574877544634802
1.5950505112470448
5.719597722730886
1.5377471775082212
3.683608167144893
1.5368547518129183
3.6785216740265145
5.806485285805363
3.644458203430639
1.5341216467585936
1.612116613906093
1.5353562800570701
5.7807347003171135
1.5343689319309175
1.589983361627998
1.6148935269273266
3.6295248879733255
5.687543894105285
5.708763733407616
3.6573502984295962
1.6064504558290014
3.649329976194269
1.5573844123569895
3.6405179362718143
5.787740986319278
5.781559696765931
3.680765274804772
5.729397144856434
5.815061938162491
3.672005991766154
1.5484349205445502
1.5725643149213355
3.6606341615681424
3.629027455689932
5.7450175737461775
3.656477424171363
5.76972931481299
1.6147320838460124
3.7138622581708787
5.808394039504052
1.6164942695457762
1.6114251998101905
5.781976737578701
1.6219796370535415
5.794129598580592
3.645482013879984
5.769932144307637
3.7092337085951166
3.661751824795817
5.70547936701448
5.803871142166315
3.6757808270035177
3.671785744426392
1.5663831527125103
3.66523274128307
1.5722466887828608
3.648859358334924
3.6772386687180623
1.5310854245408358
5.771481219360141
3.6805885533790503
1.5860766779275084
1.5519735291125833
5.7938865077618225
5.745151964251957
3.664186744659974
5.7965447517176925
5.7264079940222405
5.794701007974669
3.602856526997269
1.5897321858703743
3.670094416295421
1.5551888256958881
5.779403320518675
1.5612974256757504
5.760926177999292
5.7753356260707225
1.5574672379044752
5.777712545632721
3.595440474537102
5.807437212545208
3.738463032334713
1.5607124408426252
3.6700447596123063
5.769875935957596
3.6578633671521077
3.675969493113473
3.706611008325041
5.738175349255994
5.807085458648564
5.7501959238311
1.6178961018997806
5.739669391910937
3.721647443066471
3.6669694073840695
5.795563975906424
3.646642151055437
3.686337393034386
1.6144915159090338
3.7154163506722244
5.746810063965631
5.742681700442608
3.665452124604395
3.6529651957822082
3.703589345755858
3.678008154117988
5.7550574149535105
1.6093676816701348
3.677292828197799
3.630246073267242
5.7603694007217285
1.6060911100634723
3.732907043540729
1.5816983832895928
5.79247568822717
5.820164825356042
5.72268919582781
3.630237489203378
3.7140760834741138
5.71395913890992
1.564040781190264
1.5800455751858076
5.744012216356067
3.644983887648205
1.5450212391604943
5.772497231552577
5.7697482281159465
3.7005993556426806
5.78438509022614
3.6234697662241104
3.671729964905569
1.6174597750888309
5.728393782119994
3.6495330832014674
5.753019816132433
1.5850118378301756
1.5538520984947328
1.591137168499303
3.6430047985620146
3.6768099984087135
5.768520733601892
1.6354711426953998
5.739552883015006
1.6376328324888298
5.78627549582512
1.5549626290794323
1.6010888996875976
3.631069396901485
3.699707820061215
1.56909023939577
5.755019057448148
3.666306983344679
3.6141720356971927
5.74359843327393
5.749003363630386
5.778552047572122
1.6108368888071523
5.780960956790274
5.7481154983743785
5.764433793569802
5.768797880751747
3.708317883400579
5.762448438815828
1.6417617218412053
3.6190346491113
5.71950432524703
1.5442599717753769
3.6341171071443195
1.5721499057865325
5.725100042398857
5.794368248231845
3.666389613427953
1.5432461367947108
5.735386189497165
1.5469130682105172
3.6780137306744907
3.686615872322166
3.6512052548121874
3.6972035672853063
1.6313189589974095
5.757922518450652
1.5749350405676341
5.757051601880355
1.568038917835782
1.5754402780050838
3.6819983292595637
1.6012895625847916
1.5999741016580624
5.7557198335645445
1.598638824491102
3.682880415415519
3.6846179149657017
5.723945027426267
1.5557351740864318
5.744053336147573
1.5646218795708247
1.6079865323731715
5.731232781495379
3.7116237976149287
5.761496626301027
3.604661579497048
5.781200275075868
5.777599503070635
5.747265262611262
3.636118623034626
5.770144434447785
1.5613085401961566
5.774095194880074
5.770826355839265
5.751891385739005
3.697002563523073
1.5651332016536923
5.729904573581788
1.5439056496796368
3.601687382790222
3.64141844082674
5.725504995131965
3.641235362363575
3.679968807206637
3.6472214359099686
3.663604520466875
5.731826967195259
3.6700346594154096
1.6120115844401544
5.755737106572817
1.5063179336010966
5.729752105770029
5.804270031953812
1.5868241380804746
5.780932322083631
3.6758702642847183
5.76824212396935
3.616512397829115
5.75409726115918
3.673470255919353
1.5764788320052943
3.662361231182005
3.7036882040629124
3.691016417548401
5.730046828266336
1.5629600718161538
1.570438174264524
3.6435635999486014
3.6581790020911518
1.5741606506922925
5.753233639477273
1.523561320372513
1.574152405402561
5.793553609522201
1.5654286989291895
1.6521817426262615
1.6015571777217934
1.5734223976701638
5.834371458264706
1.5760834165228748
1.5701741579238422
5.777784007170521
3.6547747505301125
5.791694892197154
3.6657095297457722
5.80595767573117
1.5301959370777762
5.721420696841215
5.767996332010556
1.5538376374438045
3.600992152306538
1.5657680882310492
5.74537678516566
3.670220453767305
3.6743351896396628
5.828450829562852
5.710948944470094
3.6010347141429646
1.5838590051571764
5.722669303701063
3.6466807238507424
5.754557748208792
3.68922909868892
3.6512948251344444
3.6735265937267623
3.713753079668552
3.6680779384000424
3.6501525209329375
1.5856501334831063
1.5212380049204786
5.767261387679006
1.585995009997995
5.763800180813445
1.5754711975075897
5.735308552997101
3.6931102983680124
5.7030609469478994
1.5736976311523287
5.764321372077599
5.717620602665005
5.702228383137797
5.737200685039619
3.6753024100579
5.7794463962661675
1.55135342225062
1.594794428514733
1.5236928306368331
1.5534576183835285
1.582542300292898
3.7359465928914837
3.6566416866660223
5.768569703931134
1.5283117758171092
1.5219011946351082
5.714019043187814
5.788593344418011
5.740873198466681
1.555405548245398
5.727855428823711
3.7135465700510357
3.69316655006206
3.6362510504036294
1.5812247848336276
5.744642659368585
3.6822266339583716
5.776932408480282
3.661420856527729
5.8046850364823435
5.778805760463163
5.701900122503451
5.735346675893446
3.6575627198815517
3.708757735878955
3.654122430032631
1.6010685853784878
5.745682898534369
5.758488182855033
3.668371752387477
3.6310630272417117
1.5686643332939485
5.768831719352645
1.5582315544003769
3.668091747531132
1.585275345094671
1.5442683786400848
5.718273643034564
3.6718944993988982
1.5229288284120654
1.6438809002711152
1.5757517758505677
3.660166577323764
3.6497806609564
3.7118756289117334
1.5819500570773934
1.5333497813566384
5.743101638080284
3.6720553779418443
3.663504551609815
3.6166364636612003
5.697408450078027
5.781688966668026
1.58195679248798
5.781904273316556
5.729930013431094
3.7202924058443254
1.6458654128954335
1.568587498169609
1.5838609871661193
5.7055957213657145
5.858834481084279
1.5698938960085516
5.860386675990968
5.775994335999411
5.753714396045379
3.674743226865076
5.712480652949093
1.5299858973598044
1.5338195247335766
5.757829522399099
5.765992954168801
1.533543651661502
3.5979283497571712
3.6621861984582624
3.658544021193836
3.6125174263270865
5.754622374685277
5.731510709927523
5.740747273256074
3.638299614221372
5.690911831899107
3.6598236750173285
3.675031080092493
1.5414041887922196
5.7375341603839285
1.510777623514779
3.654108439971316
5.7913375560063995
5.7926015911544475
5.659109418081916
5.787928981066112
3.681869803397077
3.683107505016963
1.5299871362654147
5.71107560957259
3.6789058518918116
1.563018596874712
3.6729063300493356
1.546424743074708
5.776366916484374
1.5885253439296942
3.626218046190382
1.5682666800343128
3.6243031645197648
3.6388201208547746
1.5939913475984056
3.672631273284498
3.674714067775629
1.6010143086748676
3.661926960955639
1.6236634472536031
5.761516798311963
5.745092541919254
3.660510604978584
5.724327129933606
3.719153726911405
3.689731942136379
3.7086944026866084
5.767576769029258
3.6704715669437897
1.6253705790562103
3.6719577412484057
3.6394674577061257
3.696665493739275
1.5476713926910102
1.5706361999125198
1.5637956765570533
5.779432577574374
3.742806337720878
5.717474712453244
1.5535481684935109
3.6443573528720212
1.4979885708639866
1.5393810945428672
1.6023947386212285
5.739578394016042
5.721181888647821
3.6827011401426715
5.729807219352991
1.540999885288981
3.706490994701037
1.5613542889259133
3.647798545179887
5.735773270350615
1.6006554569536677
5.76357620073568
3.7032121315408815
5.7757894469316815
1.594943510918454
1.533206021374661
3.6358319808999924
5.747248537384003
5.784203706962371
1.614853168470121
3.6682639617304575
1.5898515954071946
3.689657480317513
1.5829367335096174
5.781289715477541
1.5607614815782833
3.6366485398750625
5.730276969268337
5.745510364848669
3.6746595679709255
1.5628869240063712
1.534362487137637
3.6673016454131515
3.6236566947469293
3.6752411316279923
5.763141918645218
1.6137491250074523
5.75275552276901
3.6634285796431847
3.6085403754120615
3.700695493327015
1.5853527729268841
3.6968273154605202
3.623024730754788
3.632821505729949
3.665040842981213
5.779473612423643
5.7709865680348535
1.5921293635414295
3.701627360920963
1.5420861393126457
5.7759079973745395
1.5367904751049801
5.737724036717502
5.744742669327999
1.5801319683866297
3.7345505167273902
5.725640824750491
1.5959880689259447
1.5641228819145288
1.5527849404395067
3.625964896928511
5.76275165582844
5.738442862681094
5.757244318238213
5.764772824001838
3.6650030279577583
5.799621536213696
1.5558212758663958
1.5566219697077117
1.5711686969472645
3.6620688697876322
3.6814079566099354
1.5614958596807729
1.5410797613422047
5.819651768294651
1.5853484411811043
5.776300090429038
5.7349136616397285
5.750122625316401
3.632342269170666
3.599399254098559
3.68028614052018
3.633993510589773
1.5793395700058708
5.6780101422263725
3.635213519184989
3.654903538700296
5.814003732383196
3.653201313949264
1.621848093414561
3.686038405371847
3.6490033726218063
3.6261730678748614
3.6663035787375025
1.5310535200815452
5.769305829929524
1.5555715155032168
5.746082300850099
5.720761577772196
1.544799801947371
5.738717468667306
1.581268252136182
1.5677370570284106
1.5676897191919128
3.6315817487272177
1.586332669615246
5.724997751484394
1.5549828157024586
1.5718931785329349
1.5400721859888313
3.649351448164633
5.792434869818496
3.6502535024029332
5.730091578829396
1.5728330627765066
1.6184873387114078
5.741426143957159
1.6026769918171686
5.750692580447012
1.55420846526511
5.7567406894483835
3.720012024951115
1.5571487367514514
5.742042538031023
3.6704976884400833
5.790624070238965
5.7519123377894825
3.683426736504532
5.730525134557383
3.6209242459971396
1.622121395956339
5.7655504442913355
1.6272723357907528
1.5821440761560965
1.545947899053386
1.5287037693685175
1.5642034668079199
5.817745987480136
3.644927401569625
5.773658400018511
5.766142966646616
5.78052238693746
1.5305637290481666
3.6404579339049774
1.5482666416905526
5.73640811667442
3.6825373803740704
5.756171037597958
1.5439891763841844
1.6069750281809994
3.7015644169087074
5.738277917488269
3.651568084911757
3.68845154690186
1.5683941740578176
1.5366585372119075
5.756132846151188
1.5675845095436522
5.756555465193698
3.7314481234415515
1.6234047839715162
5.718542431354609
3.643997934525874
5.791322057382411
1.5999937056582172
3.6512238260599377
3.6798929423616693
5.753996254467834
5.751787762505075
3.6757360047238787
5.715316407974074
3.666346010905161
1.559964806234297
5.7543074965890355
1.562591055458411
1.5075485397353074
3.638909982131137
1.6105803501712899
3.6954997769061713
5.740748673509516
3.637230885712849
5.743548069696606
5.7406501269063
3.687564463365724
3.627331112264446
3.6613651114949386
3.645699200947952
5.710060805276722
3.694580847995834
3.628109886417685
5.747796945742071
3.6585156995374764
3.6761145758270835
5.781099203435243
5.7379041653318
3.665987421876403
3.670744910540102
5.756266498719839
3.627249507738504
5.8303118360338075
3.6645497339228026
3.6377022294702326
5.813092173717078
5.758808885412728
5.736548533336395
3.658341040786773
5.751162806230293
5.740641536003225
1.5801035874748202
3.6578113996274046
3.619305493748414
3.671939878397179
1.5825225478774092
5.7643748685432765
1.5550183834666491
5.79360942153405
3.63669222103575
3.675059249144297
1.5726669609975885
3.640708696460441
5.766709712140923
3.6464335668709036
3.6602766751976574
1.5572538501253907
3.6855890139938845
3.650009501357744
1.5471332170880694
5.725748047772085
1.559486907955225
3.6791341648828744
3.6612866751300635
3.671356641967514
5.739382166639764
3.683884085234813
5.72888104515636
3.6218736904483326
3.69252047961599
1.5686631710952945
1.5745665795540598
3.6580098056019086
1.585462322338462
5.780489388734866
1.537068616814516
5.7440648644409125
3.645136384630273
1.5650633848475124
1.5869570326539986
1.5983722188000604
3.6979546399278074
1.5266997296419758
5.7776542548325205
1.5866996371461828
1.5755516434125838
5.776158315375537
1.5838195325771762
5.758124601681652
5.801287749332445
5.723780873113338
1.594051261471303
1.56172648542544
5.750674918320678
1.5541698414047287
1.5300247001323277
5.782106249266499
3.6358477483976066
3.708333888989577
3.6706091717138047
1.5886056794876966
3.7133793400179615
1.5062379624710833
1.610082046983849
1.536755528643722
1.5716024735506935
3.7041384318568973
5.768501560265203
3.6277565257824116
5.765356147106305
1.6169360803921415
3.639868925818035
1.5634380103997105
5.759727585819642
1.5553252962269206
3.7122161593443996
3.6921672293814347
5.754708735833002
3.7101108597759205
5.749317440828508
1.5427003582983483
5.771147249064943
5.805022936886026
3.686582985442936
3.6297745417252876
1.5727907797049672
1.6153633268754017
5.776440144067815
3.7015784240505405
1.5216805695704625
5.757973059724093
5.73740870689152
1.513946046739295
1.5372509536096093
1.572077670922753
1.5279808845511083
5.746412258827061
5.716769139654478
5.803435433096296
5.785488163940117
3.6660895723761744
5.732770251833987
3.6055133985560426
3.6322098983997626
3.6765342779008776
3.7040835929001936
5.721377001661341
5.725233850287019
3.643027451724651
3.694507836213566
1.5626457878622482
3.6600294144145105
5.766330969039881
3.648140653897242
5.779420599850861
3.618171856685866
3.6200461565683546
3.633560364363729
5.738116796096409
5.735751708146919
1.534040920140904
5.766946782684694
3.680783011705162
5.768382724807616
3.6505171036060697
5.75089833185916
5.820023648913933
3.603222170894059
5.725750664409394
1.5691332724979432
5.651303761500473
3.700485225842557
1.5573890090015072
3.647490590272249
1.5668551759072686
1.540188200584645
3.687933262581361
3.674826610605254
3.644777996330268
3.69518056353801
3.6241251670116292
1.5998496378362907
1.5964995849895365
1.5168915418809783
1.5554526795712713
1.569839846807465
1.6259189406942467
1.5221001380112757
5.769761599226892
3.680302008154003
5.757441091214591
1.609707695187343
5.706137676691995
1.606291634135013
3.6489801535301063
5.775303585492857
5.776755640293887
3.684614173513241
5.766802147323077
1.5690884470454147
1.5576517701981665
1.589987989976641
3.61637696794952
1.5910273820836571
1.5812501708692444
3.702229214569934
3.650171877911578
1.6044518561261956
3.6794342702086005
3.6346522529817054
3.659515926356635
3.693861492267776
5.801040071860899
3.6553099571522436
1.5778513212921421
3.651081175271309
1.551654007528557
3.6298935685222413
1.5684371798878742
3.7009125244446213
3.6673585074528603
3.620338204731342
1.554053065613876
1.5948269786131222
3.5984705792253564
3.6290039461331225
3.6642524412376067
1.5794747195779548
5.8030864879102735
5.685600067276189
1.5341751213915282
5.746430194891858
5.742300130639228
5.679543060573771
1.5414925806145565
1.563593078471727
1.5957812540392506
3.726978421846522
5.6990306124796675
5.830989360303945
1.5493299986511762
5.735783304843032
5.751093443930074
3.6251578616796407
3.639632421218178
5.699530939269978
3.6608983164439115
5.743553031548146
5.758391462274716
5.778275313896209
3.709444777682537
3.6392690525906732
1.5908967242932914
3.6325077103342864
3.6944047597184233
1.5517931539838359
3.6349381581432083
1.5434336023885553
3.6750759095643915
5.714269082671672
5.719637602234915
5.718097238763868
1.5435671497629098
3.6714418940699227
5.787557363742967
5.7137950188684705
5.784256244851015
5.829003148714247
5.771874875141142
5.768130487606014
3.6748186714479827
5.796144859415629
5.7521908752255
5.768855991447218
1.5696008574555416
1.5713872875916954
5.802119801821868
5.785336944266686
5.766729558437325
3.631451890933902
1.5722405200816616
1.5664183616352088
3.703321783847168
3.6646175598447446
1.6126722706666332
1.597008522629292
5.757998494107884
5.815810595812505
3.6380370697532958
3.672547438131044
5.773074863588362
3.65733572060726
3.6653760175633727
5.764999348738446
5.751974103828655
1.5901948566539106
1.5427763585352912
1.5513479040934242
3.682599856548637
5.741144941507197
1.5910038519048917
3.6544775504824107
3.6880705816035797
1.5877618714577841
5.739260337042608
3.6124436306757635
5.698096446936808
1.588243707841778
1.5629584647023678
5.766923632654372
1.6210616563943216
3.6202210997155944
5.733344341046477
3.692487192717976
3.6290690790593123
5.7318298190300805
1.5861542744501516
3.6787328213145534
1.5476345620796743
5.765847077550628
3.6507451662990866
1.5743053133169234
5.794617458400601
1.5662450566791435
5.779219363858511
3.6786724487232774
3.669284491635154
3.674375020517897
1.6196447834224794
5.787656200616209
1.6150224801585975
5.74888837112553
3.673197354203271
3.69299160132222
1.5798137260610532
5.759651827741462
5.758318551158831
5.764405799266888
