5.428649467542041
3.33624364901191
5.479636001864599
6.1141116864668374
1.2295029351645654
3.2925665921037104
5.433453511704079
3.3462304816451867
1.2539821498392383
6.047465450195348
4.02530984104184
1.8491164571161738
6.083324538632108
4.032055377786598
6.083205116292874
3.954159555995174
6.113839866199501
5.530206328959442
1.1481089300621152
6.12231189254593
1.8917549617828113
5.435420148761008
6.170459866658353
6.095664512872048
4.001264793053434
1.9096493765193676
6.073726409253381
1.9233425415675791
1.8457614223556411
1.942012643080849
3.971585143380391
3.3365658104932456
3.2670750647156424
5.4193272485661
4.040712416882536
1.9829280210009168
4.040703920321645
6.1355223925001585
5.429895526321318
1.9277053664832522
1.9658919617093051
6.113118860313145
1.879525122508488
4.011860403422815
5.353912748827104
1.8843400816839564
3.9378719219343417
6.107600915427346
3.3356558648056165
3.2801388844298374
1.8490292479238941
5.368446794744437
3.972111467121939
5.504760386980439
3.2492216721892984
6.131610862544275
1.8957434175734815
5.4074094495616585
1.9134978425429963
4.031444298125571
1.9297333124790406
6.084364156353797
6.064647710065147
5.417613366113822
1.8471511305509294
1.917672291330697
6.049235468366215
1.1649635770354505
1.9366137603741245
1.8992217242045175
1.2852673257825376
1.0585058305742754
3.9632560390168603
3.915112061964272
3.9824781776835896
6.13882153395064
6.1136411537722415
5.514745859716261
3.9771173659586556
6.078636392272986
1.226634542473516
3.384138883752844
5.402703668235308
1.2897760488928895
1.219344527717537
3.982805032471957
6.1123188254249845
3.3505944918425623
3.3852890249387824
1.2225898191993883
1.1715160935927313
3.311018549012789
4.002854241019363
4.013684889469073
1.2114122004564332
4.012246088034411
3.4060452688565466
1.8538406001963912
1.859802672400372
6.042908620161531
3.3320003088599934
1.1647517362790187
4.10546314492964
5.426317648093576
5.4636401744875265
3.9680784469670134
1.8982681160729045
6.08380753209643
4.052090613374012
5.3973801674449255
5.474334238342855
5.412403599207019
1.9300219449218003
6.159985126046906
1.900907471409317
4.034910298181601
3.9179265047334764
1.3016030514368928
1.196823417706924
5.338981624149268
5.471581735307934
5.480310739644932
3.347599282435308
3.322037086479213
6.173518261605452
1.9103162464333878
1.9386028645279039
3.9991325355628295
1.9366020165716957
1.8656296661657468
5.433975617709315
6.02612602483084
5.424230451729842
4.017669806353652
1.815293258717499
6.147273741184553
3.967845863722897
1.221532646650087
3.374331682846557
5.432860383673408
1.171991166123986
1.9340342310822698
3.949013678136291
5.393946093384149
6.104980330596249
6.0329058310458406
1.2657095150145086
3.9477613495913895
1.9372885539127402
3.21236308507429
1.2626676033879765
5.35387035651926
3.3257823995999
1.2456723202300362
3.3786382982728047
6.177762292801142
5.435845556465289
5.480282409093892
4.070891578385092
1.2239026554027006
5.433800690178148
6.08514021856966
3.9423111332916916
1.9386599365007005
1.931742421147847
6.123375725206956
6.073204979090038
4.019872533727741
1.2214768220522358
5.3947549957846235
1.2577415439268738
5.397794618820799
3.2988203327081815
5.487510574225303
1.2675749401125067
4.037634133033558
1.1777889491201088
3.9575458990689896
6.138940589586351
1.8893833287454522
5.348578108907491
1.8673100982994777
6.105692042536048
6.096933324726357
1.2680625972171993
3.2736857320189903
6.103588592389068
1.2231973441831256
1.221974225854811
4.011747066134492
3.9293025801934545
1.248817933607483
5.473127459029256
4.024932568830877
6.150089654537676
6.0924688843095
6.1037161874689705
1.8804960275647318
5.441428722178203
1.9020867976345417
1.9350461772290566
1.245884397185433
5.50241490053735
6.097677204223605
1.207205551522508
4.0192063449705415
1.3323130024314482
5.400405811476491
5.4767879842007465
3.9684305671528404
1.2329727904998782
1.8420106269941865
3.277074097486245
6.0750377831951825
1.2196134501478806
3.2638329897560867
1.2503853892558405
6.0930115947834596
1.905806538835697
3.398037539926338
1.9076361251400966
3.3830225712817157
5.385894471763822
3.9726534228793384
3.393865137633438
5.455422398192762
3.336281020638589
5.396945424415342
1.866706896794632
6.150070008500846
3.3282162978793286
4.089184403703695
4.009810335734701
4.000075997398445
5.3856779823914875
5.43642224392895
1.8902106123512934
5.319188791590515
1.2505185527694787
5.416783547750469
6.114923179642499
6.080332143662547
1.2148800074388717
6.119194472513633
6.094872992336397
1.1965705918865202
3.9511909037652417
1.849519905767989
5.418036289800475
5.437478593828563
3.358467837643925
6.02584637000537
4.037312178997379
3.996964626748541
3.9946656505135922
5.36003335167653
1.936317863192007
1.3236831073499595
4.006086466905791
1.950320456989885
6.094364175061033
1.1561643241846657
1.2691531930160824
4.038888873900699
6.100612448794612
3.975879187832548
3.8700323032298574
1.97984909171258
3.308764397518674
5.422479741187399
6.165530349538514
1.1840376380345417
5.363218864906691
5.418661332427124
1.1967894059119146
6.115101666293932
1.8735995939419645
3.3168533947599474
1.2622602999251966
1.8972069433982428
6.13589146506544
1.2661438388579884
1.869571666834403
1.8330366566731189
1.8637953425543623
6.101348341908114
6.061275528853576
6.090287223060675
1.9283277994517731
3.9970737822479863
3.319020818794789
4.082663194727408
1.8889830813017987
1.274319454688605
1.9506918947016745
1.9969356454362472
5.403557546516251
5.395096111019791
6.078835609228965
1.269641213302815
6.052081021052982
4.049973260692915
1.7984186318996258
4.010012407875854
6.099284055814366
6.056411000380674
3.344218354852098
6.053441184054317
6.063022435434146
3.3992528304570024
5.431795489507632
4.117415710029838
3.2859177763577274
3.2832136599777355
5.5312341898962645
1.9668660964167284
5.346244139513668
3.3315159197112214
1.8749354905712763
3.2673138403951922
1.2330263849127368
1.2671937289159279
1.8817279156263953
5.398537319266351
4.052768004730435
1.9209135011357144
3.3350852878266366
3.4203608148982685
1.2244606876840085
3.3970653472957744
6.2037430049641795
4.008325648086503
3.9698475782528084
5.495376524350648
1.8129204946085729
6.039749416889138
1.2173210540024626
3.949751072828948
1.225090634243993
4.035877458384497
6.052135666311973
6.116897634847554
4.008470997514672
3.3161318385427214
5.396229973698384
1.8894891310241255
5.431237576785592
1.926331643241494
6.146382961291279
1.8975808532575016
4.115975743409805
1.8532575381498133
4.010939557399826
4.089288752150736
1.871380288548374
4.011119570110959
1.2127147205613422
4.0190387201095765
3.9972450698643427
1.2138063493379883
6.062581225116469
3.961697962399932
3.3749367536421544
3.2666374212059623
1.264538776434237
1.9436872283815294
1.2283209034800477
1.9101859288043155
3.2981776121750648
1.3122281815674142
3.306244333204248
1.9292232735761226
5.387901775185244
1.8810574063491656
1.9289986749448822
1.9392960297067483
1.8689172566793184
1.9158610368797877
3.9957416413499067
1.9072714377240678
3.9834573751558913
6.142679663077207
2.024890269967283
1.9045679102837711
5.454136825561716
1.9779882271223372
1.9258417752625663
3.270837749209125
1.2031640639006542
1.9167590871372497
6.136051756230737
6.110822693174744
5.4435854615989685
1.2494056960299398
6.081653856767513
3.3143337834841433
6.015686905271849
1.2016819502122646
3.3145119151042266
1.8895112493266364
1.216973818836693
3.329575894894412
5.36747308021463
3.375387146340058
5.391508184407974
3.9957183763114457
4.031916417897766
1.946295967404967
1.217026786523295
6.0520944002473565
6.13467902926568
5.4490962811056916
5.434462464147577
4.041684897554113
1.2350243337808378
4.057338266989434
1.871811704019136
5.497166730878155
6.09902309249428
1.2520510812619805
1.903610133083511
6.093724696823816
5.461740940143883
3.9296494256622805
1.9096077816790604
1.867342036320232
6.074963267099271
3.3482741310199757
3.298952113351586
3.324751767077563
1.2549558425496374
1.9261473278952295
1.2491051482099254
3.310252875656187
6.1006058948297515
4.027466332962641
6.070236764861932
1.2629727142995932
1.9169795811452364
6.125865447430422
3.38827037657977
6.166643678982229
1.9060901691702927
1.226203384707053
3.3725125372781948
1.8583515097026924
1.8795357995757884
3.955257776607729
3.9981873506361327
6.042197053870418
4.006599354929594
1.1282464136346433
5.4927838706355105
1.927778946010625
1.9573924883722529
1.2449861919540854
6.049549571085131
4.021016462139108
4.000336268586884
6.046300744093919
6.049779741802934
5.481417413136559
5.377612285701418
5.3628108130566
1.8093217667059132
3.3749583629198394
3.9860071794895737
6.135876554272322
3.311108359342637
3.3335062937471998
3.9975502437261814
1.268410510654743
3.339215481213774
6.103121977843397
6.060574428513242
5.400227541172687
6.032054460010397
4.008796254826716
6.013831218014855
1.2210422779839047
5.400811807079549
1.246900943020874
1.953725287564136
3.9819751134954644
1.2470625732641798
5.404914288088194
5.423243557771626
1.3072472020665236
2.0182232091340877
3.9827747506239874
3.998692422072964
3.3680597829353407
1.8590412587833902
5.42747866478244
3.2745369984580166
3.2487336164414105
5.404168257183366
1.1766449941701642
1.9145970362772875
5.5054665299268715
1.8468840493516452
1.2881798292155004
3.4341126415380065
4.015584579720171
6.109293488043984
3.348044766651964
1.93296076946236
3.3068282238932833
3.292296321970766
1.9416032435140025
1.8177845353255897
3.344680147748726
4.008414395798375
4.027625875457137
4.001137657397873
5.463077804753737
1.896484880376979
6.098871106347302
4.043253242148583
1.2389436256044122
1.9977496082144333
3.3142766674330923
6.158587769215223
6.079271669684095
1.9018758691894981
1.906111596622952
5.389970883637482
6.097712678378715
1.8846254268319726
3.378496070867301
5.460085038508003
3.365049525254869
3.37801209773619
3.3947541136569708
1.9339514690653532
3.3164668481900854
1.920995347794888
5.487581157157079
6.1127197331347976
1.9503805886968708
6.190853056593587
1.171626090237406
1.8796671976411732
4.093781938391472
3.9868403823128307
1.8644269181893853
5.3817271915717
6.211388764443389
1.3174869571649392
1.9113117917972247
6.083972063091403
1.2940125020258022
3.98838108240979
5.4607600549547834
1.1924549670377418
1.919788461979178
3.291636151514911
6.086978234636784
6.068713462270043
5.483517455811588
3.311810695673376
1.2355567611897453
4.036086188714796
3.3301835406768663
3.349279922600272
3.3640882255599602
6.099649195781265
1.9128622165579898
5.442780465720452
6.047481804918261
6.084687884038285
6.07841877711653
1.8944967685714138
3.346977997921265
1.935691089170943
5.36149202868683
3.3580836239615808
1.2825782828841208
1.2380415579885546
1.9910477590701405
6.15527780030056
1.8968289536332121
6.0691650559215375
6.0251791091697005
3.3362035553755347
3.331303941388632
6.101610383680029
1.9666775431290895
3.3443939787904116
1.9279042874350738
1.8265703461568252
1.8396438343881294
3.316142352673503
1.183928104706681
1.2445653205266283
1.9641572346893597
1.2055420556382699
1.8050153471095651
3.9840400877501314
1.1910903010252627
6.151457450156224
3.291002570227749
1.1936886202813124
5.384031910151462
5.393311404368712
5.5638460534902405
1.8941893989092717
6.094813030640564
6.040228701248042
1.1655265316212096
3.371521116474118
1.2339521027208837
6.08895904086469
6.084362357741202
4.047868182277173
4.008243195234353
6.08367895972879
3.9749324268048114
1.1935688647447915
4.016569782927853
3.327614056600235
5.459999255724882
1.9169400489577901
3.367839994983044
6.154658195489873
1.3025572857385552
4.059989366902787
1.8558942792738957
2.00344201164938
6.111170138262642
3.3928938820019567
1.8852894869545782
1.1622623433676185
3.382463431095623
1.1606110926378972
1.8397804965838
3.9985042136591367
3.9435063228708946
3.3830655088227917
5.359637038697772
3.320240805406267
1.9164292620732537
1.20581607731041
3.3451908021881844
5.383764421584746
1.2670899339183157
6.076705438853147
4.045747813990893
5.342145408722596
3.297275221312478
6.052906813760075
1.1794920182701487
6.1065734068891455
1.8843620588416217
6.089481116415327
5.453250026359964
3.292930304940653
3.3576069942694367
1.8354598838831708
4.00602698850769
4.010167068112054
1.2972441230562428
3.927966807806651
6.168795765801528
1.2229167481114316
3.980876743613781
3.3222563520208146
6.0993971114053425
1.2435086455186546
3.9773461786557873
6.082144956918695
5.419176643070507
6.140397867765293
6.002896903124139
1.8801051260498363
1.8438115432483784
1.9245179062045294
3.365606119234298
1.2533700789824789
5.413159912660056
3.264734956608346
1.3049236333440455
5.425856270584372
1.8923590022606542
4.009391194869544
6.076315701369512
3.325081423542043
1.9139970054215403
3.4108945595623976
1.8684783702714869
6.0920094757013015
3.2974679040574117
5.41484256782983
3.3383511062191835
3.357303925263643
5.460177800534208
3.9184649269808784
3.35698371487132
5.453995590402531
1.1717599652614459
1.9675971569387967
1.2830909510151627
3.9737589429461218
5.436988852627212
5.447689203239657
3.3515021949315074
6.1091350169145535
1.9856857470290734
3.408178085404958
3.329228568786899
1.8965061600138284
3.9446096668304262
5.484941085993692
1.9365509642041507
3.281504981881072
1.8461947219252313
3.998902010376652
3.2595719487017307
6.1896858375710675
3.975852787925175
1.1193710182108891
6.066010290367182
1.9219550035715174
5.479372272128735
6.065388963142175
6.1129562273991205
1.2159720027764704
5.4422980290005905
3.3530811390706066
1.8790806883079658
3.3457113085375805
1.89677455959775
3.3737083788912394
6.134664010390782
1.2434588148995993
1.8747747145581948
1.1987835492512344
5.490356395882526
4.005790401334544
5.445062986739875
3.2805127608114866
1.8986936829709529
1.2467621510879376
1.8839677045112824
5.446029417356054
6.023918820264153
1.2743265573716647
1.9845909993199111
3.297885033218869
6.106295296644935
5.445851606716931
1.8996548104602118
3.350442121822622
3.32295928192579
1.8829146380362016
6.105683965005239
3.2506067888121715
3.2811098301966055
3.2964227997152946
3.275411980311406
3.3064065516768286
1.9608721414513681
6.123865703139272
1.8868546329303153
5.384810962893036
6.103251630730501
1.2248344869446617
5.372999472407294
1.855737214202136
3.9335402488664437
3.2955065546025697
5.395323673990943
6.151164639780751
1.933376432780781
1.2265680005263127
3.2936263294954693
5.373692250638725
1.8616765979939083
5.373617768995512
6.1968042088644815
4.034409595192947
1.2118171766763406
5.421514923951469
1.1907286774449162
4.011721092474835
1.2199524940275817
5.372690983240995
4.066659904379558
3.398774041390488
6.0923193998686545
3.98072889481259
3.2874131813615226
3.979871351279798
4.007658542391276
1.1878925361984805
1.9332482678972047
4.060367919511463
3.9706216982799716
6.093251808676766
1.8781708640625707
3.3188954691579786
6.076752708908301
3.9789689740579237
1.9052398602534528
5.4653327890713586
1.2915591233901227
1.258355706518759
1.8862587751905737
5.407766264747156
1.2221321555543805
5.349722721700785
2.0246011932903305
5.4802672119754305
5.414802262700118
6.142899634017711
1.300420593739958
5.494543002036188
1.943409486607048
6.092854118788273
4.015597818081287
6.129287987279988
3.8801340079143483
1.2415569407724543
1.1863148249268254
1.9788446595584412
3.930227235740757
5.4125512450311035
1.892766706183389
1.9350213957905211
5.467550485316841
6.126406025591605
1.3017590569559951
3.9840059204215774
1.8820787883222967
4.0491496410033845
1.923310146072715
5.391694963638467
3.9876835127909414
3.3448936755934997
6.119930926167224
5.46405255592295
3.3211268484945884
6.066220033610395
1.846723487012723
6.135461004646734
1.2635775281563069
5.451674516458114
6.030039454942337
5.443805465661371
5.99272283448566
3.391778114390166
6.1425230081790065
6.1387817079251406
3.913870237180912
3.952990601428519
5.475289256895385
1.9800696542865128
5.387064079427982
1.8978336201203514
1.8778962270874304
3.9995993743804408
4.022052704880581
3.978118045147679
1.2587170982329103
1.8993696172890298
1.1930859333209818
6.1486665350465755
5.396010444587048
1.9220506572434686
6.062596459994469
3.3344051585702195
5.3830690214133385
3.2436893340866755
6.115595634166089
5.39671669280333
3.3980724116552823
6.108865152097334
3.318266026078704
1.2443150493548412
3.998018111133369
5.447156712437477
4.023092860668465
1.1921385329853427
4.0961671699845885
4.055949224856919
6.017293526844336
1.8539823728032285
4.037259694514946
5.407581185496552
3.3589111289466085
1.9768487023250492
3.341658168102659
6.068463950005441
3.3004831392198652
4.003219455192622
6.083472756079593
3.9840669269052422
3.279637372024338
1.2365300289597527
6.087115968167123
3.307449051096923
3.995470056605106
4.0293669846457805
4.023398351146552
6.074388823119698
3.3682759643173386
3.3297437993164394
1.2372121063411985
5.349917222522113
3.2064518556574293
1.9328572797485086
3.3440618204816657
6.073727820354646
1.9020186563067347
5.474367187140231
6.073916754830984
5.437063327959417
4.003656718069774
3.287218661096466
6.0197782875338
3.9471515488861133
5.417625775270025
6.1802654587205454
1.0886561833069435
1.9105366427991326
1.9106925791141327
3.95906537029591
1.9684236888991489
5.416144560114338
6.0774850238302545
1.241360675860642
1.2559714198649914
2.0006549805669844
5.37441793084924
4.1331550689385015
4.060639672234392
1.9149929227263303
3.389621526220002
3.2899981604059207
1.2412029689269246
6.06094255311006
5.452986415535349
3.379128693941551
3.9148571451855196
5.44390270070134
1.9341554567485693
1.2469477063295593
1.9428106845754858
6.083775528838411
1.9169762253260334
3.967313406164298
1.9363937232626398
3.936489517610956
1.3011047303232082
6.061504980801589
1.2666415569103127
6.096790380981867
3.2932555198721922
1.922644192204101
3.976616422044438
1.204073097042234
4.019680076504295
3.263064882911964
1.7885298549605069
1.2185117377458048
3.425959348494558
4.0101217735695025
1.8772693357951797
1.2436867533411131
5.435526949226389
5.457285524007648
3.334194796832051
4.006200954133783
1.8646312789028583
5.41956446285234
3.948008801287221
1.8903046128620806
1.8703463830682585
3.3402116658961716
4.046132308314006
3.3698970296455335
1.9221299746762672
1.1094054410092624
1.9054853287720084
6.065603996155923
1.1905470998201975
6.1198753910968176
5.4294382073973395
1.2290596690230018
1.2179885742151133
3.283994264624145
1.2771198718660444
3.9808171581399248
1.1621103770933812
1.9232382819833438
1.9486826705458342
1.8929502433267467
3.3809455662357886
3.9149424171438896
3.301629461132816
3.3484081572451365
5.465766056271533
5.410867531172246
6.051249906507718
5.391129888802128
3.3026663692180556
3.359612653330997
6.146594618973924
1.8223409245127993
3.383817471516758
1.9926178894974034
1.8907344153478336
1.8830902066701047
5.3364637475831165
1.9347966421021572
5.349598262127696
1.193566065884121
5.432674761129602
1.2381230450399778
5.486633064302337
1.2823399804010391
4.035527577994967
1.2601151956545906
3.307575961316933
5.466226940210021
5.394867884855772
4.003294918568772
3.2790956653130787
5.26363061406854
1.944368078621404
3.3340745756302397
3.9614046469871766
3.9783182605980136
3.321294201929032
5.448166648077712
1.2553996704440586
5.368644033667622
1.8974188305093738
5.454217215783187
1.8450692871823469
5.43852810329498
6.03746298946488
1.3291379964601957
5.421175264075661
5.4603759446835705
3.296614961124004
5.430952996719636
1.9450208365364992
3.370399354045015
1.2577641631851935
4.021641237465299
1.9492188842174132
3.263709550367879
1.9855709745999293
1.8725535092248888
1.2228529283810503
5.405170082370335
1.1747634574008436
1.2818983082977653
1.8301418236453144
1.2602182385964997
3.3700995510413523
6.072446714520499
6.182461250413417
1.8209226008006871
6.130371408550491
6.1166374396872465
3.3263547020029165
1.2006258742414158
3.9828150376551137
6.078628740895259
1.263930080555318
3.3337678272413367
6.147424574637479
4.062812539414555
5.408688805707548
1.8838921683940524
3.2848475982887533
3.3306841045110787
6.042798835304319
1.2676667956755452
3.378029668411494
3.2590563296416923
5.39459859257609
4.062182898971946
1.203345645563111
6.211290480781295
6.104001359323459
3.9705789406575716
1.9044885749923002
1.8973723844926025
1.2620697968457586
3.3013700454353585
3.3106766980305595
1.2051061481963377
3.2720060621586815
6.093998248268812
1.8557648575939778
6.087636452656664
3.983615139980349
4.0217754159487535
1.1380579032688238
1.8103176228553242
5.396227603424276
3.9881434947332175
6.050995478728569
3.938722255279167
3.3360952021932095
5.41730856801729
1.2167951500801832
4.022920523959063
1.2625619952566054
5.459591788235686
1.9349947629412614
1.9482529786065013
3.4040390600926007
3.3435267478528057
1.2370365175117934
5.436024212095838
1.8502591861296422
1.22971229395305
3.9376416402939673
6.05716591110264
2.0082653674783413
3.9602155147592546
1.2341683634250575
5.371829669163925
3.2952613024228983
1.940739881589268
1.8588110971038647
1.8988452152614346
6.025386452763875
3.2835236733885753
6.064326727990244
1.8376716234759543
5.449596129895009
6.0239983486865025
5.4077212507516235
6.084920764460857
1.2584247286037895
5.996888011629221
3.2974949893395658
1.9032122231208501
3.924681346930694
5.451327798170857
1.86765031190494
5.3569097265235595
6.1759165423544085
3.9519819162211736
6.105887178526919
6.1053177530102865
1.1550874165074985
1.894146904029692
5.4263569166204135
1.9005759999263847
6.073352824621961
5.450926762550004
5.495176420930349
3.285304880963942
3.354928502637189
3.346951520383608
5.384063880610182
5.476987333975757
1.207057815156826
1.247104455169684
6.065761497653235
4.025602681567733
3.9814084724463528
3.356531655005961
1.1802972419722073
1.2214420261493562
5.509849668087293
3.933920213373143
5.477853493579409
3.334937367615769
1.2685038582925081
5.442060726702752
6.11106524493792
4.0033199056768165
5.404274518146992
6.05649714739838
5.390493478185105
1.1966542871067645
1.9547854186219618
1.191828198210826
3.3217129476003313
5.459783845856818
1.2314419126713143
4.028650983692309
6.0354587687535695
3.389857092502907
5.366376281282189
3.36267912032579
5.358712516092517
5.413572670392906
5.448902586474868
3.3116873282667902
6.116297301528806
5.499968477178149
3.294993647142408
5.424732166485946
1.2635808685473777
6.0833092317066955
3.4156265362086526
1.9555311113481064
6.069415496832666
3.97168879299026
5.44566184757235
1.888224542815395
6.0777169423754875
3.39324979960654
1.8842380694725613
1.1735406339486276
3.324547555831915
3.991781016795503
3.321851942885707
6.0002852225650045
5.3410285336641525
5.483996480052555
6.085490294679784
4.04183696050864
5.341480696433008
6.147591712581483
1.8802227825589566
3.3908023503744475
1.2575298448162857
5.42968210881929
3.404354593542239
3.321175345233186
5.394370164382545
4.06311466909694
5.411745751143683
6.075325413382417
6.095906486528342
1.9194112827344187
5.437146374721907
1.913919211384846
1.9412373489748114
1.9167933544822948
6.13901745631257
5.446919031052726
6.132206179916089
1.9285935520668045
1.1957926638374956
4.0054777440620635
3.988645874768524
4.098832945884547
1.9108516409603267
6.048008252730845
5.415880061569001
3.295695090763487
1.9128726805851164
1.8678575035106881
1.1729086664680042
1.8610429881128523
1.159731842159604
5.421017519560606
5.40326680093463
1.8749391368978632
3.978404316437405
1.221463355293099
5.480133622331827
1.25308279366464
1.2569274643773227
1.2150407671043297
5.359105740131981
1.908659432972165
1.2294822631922553
3.388940819836926
5.441119336261443
1.8981940119097245
5.37712479697667
6.091470812504166
1.33572219753626
5.469031980408211
3.3502137124057643
4.088094509709782
6.1640626356728925
3.328546288086523
5.4731706020530835
4.058551905575013
4.016371578024898
1.8843679368821054
1.8954987298955825
4.018198427587545
1.2472134849183778
1.8399791636138119
6.0864369045522455
3.3550739984673057
1.9655156555295723
1.270187070543888
5.400533352876017
1.1485428822934511
1.240557933802262
5.333479656839833
1.264150656829866
1.885269304331235
6.1170199869949675
3.3444008511984062
3.9421628260395725
1.8858709406608942
1.887108857769518
6.105604591138027
5.401868315758725
4.058602963062354
3.947430358138531
4.056864219429263
1.8657951925265417
5.400401488129079
4.099254189372607
1.9370023034264223
3.2994383887670664
1.221594262175953
4.020503153466392
3.381885237115328
1.2626752212909789
1.8836748601542377
3.9703291512956587
3.3596533135634203
4.00743047734604
5.344585582555655
1.3268263108042737
6.08634673056123
5.35475073850214
5.43294774646335
6.1188035627175115
4.019902604339915
1.9916409744342607
5.368960249283598
3.994750220361843
4.0169917032487605
3.3877311223458957
4.0599167409141295
3.3409806438583387
3.980822147357395
1.8354164981842263
3.3582163775183242
6.032209658631937
3.994190247374678
1.2289006016670658
4.029524833263242
1.8745130637122216
5.483411652226803
6.132706198516862
3.334137501714709
3.387992720639411
1.876426974261694
6.118301952402682
4.009146673644119
3.3531727679926773
1.919967131306116
3.331474478061067
6.121477331497834
3.3234393634736583
1.8984940208066923
3.981761462125157
3.957594653156275
6.122290658769302
4.083671943904967
1.9140033370432192
1.1978051496408924
4.0233449361376135
1.2617252110755715
1.2186580886550562
5.426865352862663
1.258257458975156
3.377171698844389
6.114164976939408
1.9025199457651776
3.2731577504002507
6.04717711575744
1.209660194629263
3.330295902471289
6.121234382840854
1.24732213583843
3.981783449434286
3.3264077894014377
3.262273589117231
1.1980382307333226
5.464232381294517
1.9383136919154613
6.142288714790227
3.428832827933021
3.3696110166419087
1.1950898967542436
1.2279712203509179
6.107229318923232
1.9514807181735807
5.420347005056072
5.997872692954762
3.3403301689831086
1.8685989512606427
1.8739824584316245
1.2056541334913955
4.017444763403081
5.98302982385964
1.1619118001787707
1.882751888466966
1.3100045987342879
1.7772245894921501
1.2146170012533362
5.382692707365543
3.2700811717450353
3.3572420000511816
5.472363914504837
6.073536676665766
3.966201360996522
1.853316382816618
3.2949145937152124
1.1991601345016414
4.069345714366372
6.079702431215622
5.416166188221899
5.414043497581318
1.9275111211557365
1.2101507745722404
3.34449243009115
3.9661381336138617
3.99637431700009
1.9131953103439328
3.26542702800859
1.897382280337983
3.3656666830018853
1.18059273500872
3.3492027936718687
1.8839741709928708
1.3112814288896655
5.394763792663175
3.34512154900847
5.419405522035851
5.4452632484317665
4.0337496541542155
1.9505925401403585
1.2551975538654714
5.455608115735204
3.934833538171345
3.9672259353910184
1.3114730235822818
6.120990037429285
5.4487157768594585
1.9647997906181272
3.988784995126441
1.2529973728301906
5.420655221877359
4.033147054481362
3.2278296504517843
3.345651917525736
4.00640402968117
6.117519396528709
1.2069186084988912
1.2464880733336585
6.119009352733697
1.9329330267736489
3.920917000887638
5.421006898608655
3.2983801477325243
6.015647703017354
1.9107952361618894
1.9129013946157718
6.0549148496232545
6.108932748597561
5.378084428237733
1.9531199198925817
3.9647904715256885
4.0668037448040595
5.462436837685693
3.992930266816123
6.005465230350616
5.429229458815259
3.988546360960371
1.27706858133244
1.2194469308929927
6.072292354579398
5.384532168375322
3.3997350039796728
1.2071819801492023
6.094454031481912
1.86542592380286
1.9281446009740306
5.462351824837325
1.9071156173236217
6.115883222057529
1.2252002655873928
3.9707708091872225
3.374009170721697
4.011408920522866
3.342624588334488
1.2247349909441505
1.2419946206894115
5.504105066239749
4.03410047117958
3.9877035984994103
3.3210656966647694
3.974294171060675
1.8661975362651333
1.2358392431642178
1.9190369793038964
4.031415861176921
5.363757474169294
1.90091291824946
6.12541992524504
3.2590438810759257
3.9877467503222586
6.077164159866149
5.3961361633290394
6.1384698994971245
6.119784961978113
3.9894287838646316
3.981243580009983
1.9124613396929182
5.412263375471117
5.47439039396912
5.398122223864043
1.273755516763473
3.2866389348269336
3.339336540044155
5.417652304869697
5.4004147089981736
1.919628593985511
6.052088586015175
4.00629774181359
5.996371840086117
1.8352945998999064
6.12070979502532
1.9014867704594307
6.055344352372922
3.4418905072873907
6.0514447505904405
1.838421231601361
1.9336223047906849
3.9544493927916022
1.226074181245338
5.379431029391198
1.2478461045138924
3.9717023863542553
3.37670900614603
5.368526063796938
6.001685961385091
1.8888962151504285
1.3071769537567621
6.13029324309516
3.351135797259429
5.441097634634363
5.436525662008396
1.309977790250373
5.411180779953664
5.405372040885165
6.127965129354776
3.371881357596884
6.063335021693655
1.9716098167251763
5.414222216470939
5.432448528035008
1.239380677327261
6.03907143308808
1.0959510062980231
3.964720829111535
1.9779878779768323
6.067789031491837
5.377446808738989
1.893540019437225
1.2913286922704565
5.333319187984819
1.2032832835773812
5.3820345230895725
4.011185802358519
6.077637032212727
5.410712445314543
3.95109476793339
3.996639738255108
1.947387336500301
3.3096609438616627
5.433624598655018
3.3676141852714254
4.009730258102264
3.2483456663097403
1.8579010397823184
1.2614428348026956
3.9426232336236167
3.9563357700028856
5.476695200975503
1.9623585334909386
1.149766203963726
3.9486816324597633
4.073656291636845
6.083333386198176
3.3378831833851903
3.361409219778456
3.8849302956011194
1.2629705143350476
3.2839577513804414
5.4804330887419495
6.097683870893268
1.910168669444115
1.3028499310850088
3.321182921838868
5.42406414814719
3.9515911463248417
3.931995164940254
4.03961029097654
1.9542799458056166
3.3477957347630327
1.9740091820117134
1.2050709734565763
3.9834007321927447
6.105787492109945
3.3493110862543536
3.9195380835211755
3.3560768158319916
1.3019790669205362
1.9610431409912543
5.480706963525036
1.21449636083244
3.9952879766436022
3.223773605146809
1.1905205641534993
5.387449194814835
1.2311694121798928
5.39158475048767
4.014310141265502
3.9864394604717517
1.9653258651525163
3.9385686352341525
1.8883720547987513
1.1766862991039404
6.092200223148331
1.8973765523101567
3.9504785038275463
4.049219839745132
5.38123327049724
5.492366695706778
6.144279784400664
5.466532542775098
1.2462672208121999
1.2793561046053383
6.074706053377767
6.026201666883458
1.8703111090210647
1.2822228699667344
1.2707207399515068
6.102913174380472
4.006088274159154
6.0766063791159235
1.9064095430586927
1.9121229846103254
1.2084669820662157
5.475667157744572
4.063402762327863
1.8335614751404723
5.457089152547177
3.921183197457957
3.33835525406804
3.438247614445564
6.030696972297483
1.1854748310806371
3.330411812991717
5.422623024164305
6.050757773045758
3.2474180366589005
3.951319442549787
3.2931272656163686
6.125509860597645
5.452917651379836
1.8864469011528855
5.411898989961659
5.521372176077889
5.413498349591013
3.3501169675583076
6.03091564651964
3.2500899683283135
1.9023849575562384
1.2890194938659536
3.4168928115856216
5.463609523877456
4.054452708948029
3.309691493551927
3.2592087135604957
6.01139110469516
3.972677648328284
5.429763859752432
3.349951166159351
6.073305544961241
1.9103096056973472
1.2579696534269391
1.941326918991197
3.9802340315429015
3.3642387756328587
6.039197380342951
3.256911933409581
5.388636284129247
6.05796402705382
1.969312372992556
6.066870545095081
5.435464634275004
1.2527773733435124
4.064740378281648
3.9391772924982256
1.2574618089627014
1.1706849138823319
6.051058794574455
4.042235579711534
1.9587432793371358
1.8621215071679647
3.3870751018345517
1.9019067321727916
3.2705745612366917
1.2290234536598654
5.503070830399416
4.034307063312847
6.160404934279171
3.9597145963077276
1.958962425091205
6.159945446569091
5.422698410691473
6.051934894245055
1.223924754224861
1.9334583565243748
5.38251002785247
1.1907263845340061
3.315953297909198
3.29747506179431
5.45066156560573
6.149024864425833
6.022572277930494
1.2013413100411037
1.8611988535800488
6.147014594126974
1.941519690989948
5.389619967297522
4.058965851520058
6.174285707310485
4.023714068064377
5.37579238559795
5.388353889219693
4.013353358328327
4.017868794905165
5.447286717575228
5.323647646180267
1.868877917165269
4.011250459320297
3.262655877982717
1.2027854372900824
6.028538216544617
4.086098810593202
1.20401440437951
1.8730503305798782
3.996281114600317
3.355572826806279
6.117592389610545
1.8497132570269712
6.058578738021175
5.361415050623457
4.02322745530234
1.846357534777039
6.047308695003432
1.2403847692875407
6.150275304863035
5.416217335281647
3.9312877893971248
1.2234112237786763
4.030072366979363
1.2104751714811277
1.2159424035887958
3.33851141934915
4.003941979810647
1.8576059823013678
3.316970698068449
5.368791020093072
1.8955665420794436
3.286048698169429
3.3345387277933365
6.106170703233977
1.2516516748208841
1.837301787151997
3.3632175361229253
3.368762497238044
6.034119117419943
4.08957236191958
6.10374573190747
1.9502441581109746
1.2631576892145489
5.387939491458151
1.2015021498852618
5.425707928115631
3.382566942623041
3.9186511403117756
2.0375224110551273
3.973466373147907
1.9045356827581061
5.420129512114051
1.8856045350618325
6.038935023364766
6.146301095669644
3.280507776981034
1.9879904958225492
1.9196783643174409
5.386360488418917
1.8507764009574932
1.8595300409402546
5.418704763294227
1.8711722170209364
5.320294491871569
6.024601868658969
4.013998024225962
4.038632120835202
4.012168798711079
3.21735400063013
5.38070614731567
5.46521714425105
1.2923417885102293
5.4467260661120225
1.8995983916055348
6.1667071167303735
6.0917472598465485
4.097904527853285
1.2897909238967584
3.329447852820096
4.017128289724111
3.9753894625964885
3.357948395457922
6.1294166003065955
1.2216869512778479
5.406268232031164
4.026984610468635
5.429470656273991
1.221995039685606
3.3736943441201688
1.9756972420799435
1.2512975298752935
3.9618090545183335
3.4220643319047603
5.404811468704714
1.2492216105870761
6.009421845371379
3.3414990260907746
1.9162626346765044
3.9578967139390455
6.091858148236093
5.978502173508643
6.101651738037678
1.9233450195573263
6.127527586629428
3.3110465007339993
1.2524750223344574
4.030223778203249
1.1774847875348762
4.012700339683064
1.2888385351228644
3.3454106347628505
3.3416824499110356
4.05238270300567
3.9932533781314477
1.2254233855455472
5.450502231578574
5.420621002994794
5.494708547358398
3.346417820953152
3.3732163036867693
1.2002433511469683
5.473868495005376
3.1822262197094324
4.087870002258201
5.380327718430734
5.509017407330524
5.458317878494177
3.2842968956235996
6.115331162121991
3.9596537843988644
6.050350037013749
4.033509633185269
3.4050036534172987
4.014436474326463
1.1291499164333818
1.2179264286914777
6.04797705012032
1.775951657718712
1.8565323959271471
3.3992139407095907
5.394808625833811
3.282992595246338
1.2827095641835262
3.9310166527024597
1.3064718907150266
3.317320379704406
5.4490310630129795
3.356490894737484
4.044786886217327
3.3631557081417007
1.967484742437553
1.2055150050724888
6.06111559315722
1.1772860529757734
3.2656308773770624
1.852089649054978
4.063830177671258
4.006833800469579
6.052795346401839
5.490182055878543
5.45281171435594
3.2878252214483705
6.083650444618947
3.3658729676860286
6.066411151785015
5.408862265131892
5.429497229901583
1.8767260641393353
3.2686223936781995
1.2823254157169428
3.3928737799504147
1.1980180026578573
1.9203935297738313
3.3216224857422407
6.04302900637253
3.343638791235101
4.022542933669605
6.116816508049966
5.4631158355658584
1.9238257097863851
5.421128941891868
5.480091308131054
6.04752386115994
1.2253753544658266
5.390247957685332
6.118410130370073
6.08274428241373
3.2978607614845052
3.291592278639212
6.14039276893297
3.2725762880023823
3.2670812292971845
4.032632476095748
3.380296688954747
3.354631201609611
3.946738594627883
5.390009911529025
1.237119964413178
3.897624137262453
5.437306474198112
5.418207697289891
1.2011820922812704
5.45724964543808
6.090620333544625
1.1720411920692027
6.095658105735664
5.403222517720932
5.454622946992132
1.8921542169921008
3.9788563115732756
1.284027683618105
3.273092765282715
5.404690961283174
1.3036977089551334
6.025654908252453
5.436032077550175
1.2402926298204988
4.022316271584725
5.465765203538837
3.994971633258721
6.121941854134769
4.05206573449019
4.010619146808048
6.0834407548800815
1.214812989797476
6.039429027117643
1.1964927856185545
6.134309530076188
1.8549524227461553
5.492657484807361
1.2213887800677425
1.9289422805467393
6.090011819437064
6.086625977523229
5.47747974438423
1.8310406181100274
5.420712720672963
1.293871193512093
1.2286135311294413
5.359400852752455
6.030249428569884
1.2231361390441682
4.053660515027482
1.2028567464687554
5.394098573421621
1.2187140497138245
1.870761523730431
5.44057196752937
1.8842998475005124
1.8957538567632497
1.9837842962016725
1.9876098162064402
5.340014121590563
6.197789398071377
4.00345304023547
1.9211930138205426
5.549673745631186
3.2677233538650383
1.8805285693153424
1.900757497827203
3.3812671357247455
1.8886214549492775
5.435209654537602
6.041384177525236
1.9233819534260692
5.464093853489585
