1.5858334379466186
3.5960346320807504
5.7061491836293206
1.5125756797783607
1.5627934734494622
1.5626560040431783
3.7224306313310684
3.6826298250005003
3.66242311712492
1.522298474788177
1.5286583093178154
1.5330125934192842
5.759615892550843
5.76166161382691
3.6797207091195254
1.5771076573663412
3.611041466932174
5.783729982996938
3.674708204206058
3.6072227178254357
1.645086640363388
1.5376654278872472
5.784255883561595
3.7114603885009605
5.716190438665384
3.638512711036521
5.7551573713262565
1.5498478927491688
3.718026482004522
1.5544615495916794
3.6715568976325206
1.591239292062046
5.7847407867471885
1.5560509653677914
3.679303394000612
5.758384633149694
5.719908059531378
1.5384855070351642
3.665818548287967
5.79365746641428
5.772094065239063
1.6063516077328412
1.5709226852496871
3.6740542704659997
5.7681092160438325
5.71222937631478
3.654699690045941
1.5515948428150423
3.6546736988533715
5.765192309531288
1.5592630358372586
5.79199525787112
5.845743652372416
1.5468577223502007
1.5773730471295804
5.7765685492895145
1.5853955546272755
3.6136608504385155
3.700529677619864
5.664827567613359
5.7731316472543455
1.5664674104802931
3.7053347251678144
5.743146811420465
3.6715799739334933
3.64176407092869
3.7283938094096833
1.6035754868778405
3.6918506427427
1.5949165882815364
3.6936199256414475
1.6313229827390643
1.6044756075084425
1.5904951450349267
1.6047170910656812
1.5411907230522757
1.590725761576016
3.7378826356349837
3.698779762642531
3.7132419173976765
1.5460572111863082
3.6395074517848705
5.7612119204728796
5.784104643179057
5.79566832697904
5.742716351629587
5.786337387590748
5.7682087041967
5.757207990290968
1.6083930155037718
1.5564709249894746
5.858808276843133
5.807560477557925
5.730325965366695
3.6419096181045387
1.663340749985751
1.6016027072323882
3.6647076433995434
5.73987095939473
5.715079893629487
3.5882071308606713
1.6069847818196625
1.5530450617647025
3.6660453060376543
1.5494552715819971
5.755844517675546
5.7562341618173
1.5398007992134954
5.736950671447584
1.5979618492961678
3.7339275748716956
1.6265118950455444
1.6056905350133102
3.622356480832845
3.6821758982101596
3.6129646573495044
1.581404739942866
5.695023201969727
3.66223056786835
5.7741586008548555
5.800482478548653
1.5964567194290875
3.6853111565474856
3.5990120259789675
3.6419170221394954
1.523409369341829
5.729720302157156
5.752032130962186
1.556704296314396
3.6960711845335443
1.5353299523198403
5.79093312728975
5.758289903961436
1.5719990441949268
1.5457146493221614
1.5730025377761017
1.5410944117405747
3.6649228850588864
3.7154285300534577
1.6112126660382753
5.71814500005852
1.587261504861994
3.646844470276377
5.717332653578896
5.742062410632561
3.63475376968869
1.6399542349306344
5.722425981058131
5.761791517873768
3.6275403523643663
5.725231965521367
5.739333982672597
1.593614942831901
5.693461295893794
1.5996799451871282
1.600930931038682
5.745452772408722
5.79699948223491
5.74867008228722
3.647405469403897
1.4520399357049654
5.724691810364248
3.640417823105629
3.654228339543728
5.738164008358679
3.5936718876368205
3.672144341145266
3.66598463659901
5.807948955259787
1.6017688712050129
1.6089518165655865
3.677651435323088
3.685094813677397
5.787025159079202
1.5721145835858152
1.5589757351381914
3.7109393510925117
3.6477824800897714
5.778401417058528
5.6809681489991375
5.742510897368128
1.5192291183679778
1.4955965537401132
1.5823281712629362
5.86071808723825
5.828645082919483
5.739698042773841
3.732020364943531
3.692248600778558
3.7157985365096486
1.4892047368412207
1.5954720443920443
1.5152213056619368
3.6569459137704534
5.735987587310236
1.5669669894669251
5.765032530768678
3.6187526990178545
3.6286578860364407
5.75142864566102
3.621049736800829
1.5543480343424187
5.799662344231044
1.5764407932076545
5.809995190531719
1.58880217014857
1.5933764745381094
3.658343527948965
5.771564442887183
3.671070799622542
1.5439098763871084
5.744652194345057
5.796815799719617
5.736736660239062
3.679638288692157
5.726870708153748
1.5128247905274628
5.786784522507735
1.5585116643966743
3.672526750300654
3.639617048178588
1.6569385740564275
1.5260054927990403
3.7018065454478415
1.5704566344679196
5.754189622602349
5.6926002161675795
3.679473137930053
1.5889081170802197
1.5997825972088864
1.544486102535707
5.753857828249769
3.6517889983194927
3.6740316519884777
3.658305634940516
3.7319504844247264
3.649351121442576
3.699821827208329
5.749185967179009
5.782216290864978
1.528497192080861
3.7240777804730705
1.5562014511033664
1.575206731522361
3.6804297565507254
5.768365892839717
1.6013252525673072
3.6625232051323175
1.5644964192334214
3.6649994840614877
1.5479795066562716
5.7409659311073495
5.739171753804937
3.665922216478443
1.5824957721130821
5.7201285145260155
5.693687016110621
5.737228166884185
3.658044599630243
3.672718004481915
5.740300733878122
5.731074467336505
3.696492523221948
5.838760934945755
5.707167483430304
5.722735009860156
5.785298851356325
5.805449842748964
1.576016318816027
3.6396479368881756
3.7568349535004195
1.5569093958448947
1.599606394260701
1.6116592915317347
1.5837699690730358
3.699470930473854
1.5555746446297751
1.5714705326833376
1.5024526511158176
1.6365653329854235
5.744546965709566
1.5990498052203894
1.54500629628369
5.801087554847258
1.5360557221941806
3.6530337037013085
3.696510070698364
3.711957896108793
5.738796598696622
3.6593185991083286
1.5609149435313663
5.803629400830441
1.5816172655585008
1.55188803073169
5.727426881878554
5.72460546592508
3.6517628150610304
3.6863941032313337
3.677906290541876
1.5881884075998824
3.6917483101644093
1.605913775688724
5.751309845055936
3.684786629188543
3.641781380757147
1.5424525522217136
5.837086621058366
5.774020925684031
5.760424079583282
1.604497802266685
3.668583630335542
1.6194842702731904
1.55277398778159
3.662934011944861
1.5424483730656484
5.787477244662914
3.646148623010997
5.751566457304687
1.5646267107955087
3.6478820578640008
3.675598614104397
1.5591690135124563
5.847903220897988
1.608805893408403
5.756044967459232
3.6200728359774907
5.773142586467155
1.5879571738565055
3.665269550454891
5.743840819917709
1.585156791577432
3.718867372800957
3.6838210355932324
3.6433798092483225
5.853184029175829
5.811037308098622
1.568360339180678
3.6931275045708323
1.5494453753904929
3.6451840943792875
5.801834469499296
5.7873097212151805
3.6503186497256768
5.736751048911151
5.73546283037525
3.6587520063769965
3.6966527082014924
3.6316711524335488
3.657233521710848
3.6279053153377574
1.5371958456254058
1.5527356074296539
1.601562331236757
3.6493403875307098
3.594012929061055
3.678986997848055
5.766334541937408
3.6836959797357496
5.732662015518655
3.6273486654558194
3.636718023049165
5.687672918290775
3.6464095006717723
1.5485514164370326
5.827815243372877
1.5837418331893187
3.6210880724375376
5.74529529111638
5.793361859314783
5.732111757860305
5.709880618142994
3.6821560301032576
3.675966111259137
5.729555247421677
1.5402376878408084
3.674928164928339
3.668342412314387
3.6909871209947265
1.5393643023987948
3.649722215369409
5.783011658350217
1.5953614398133285
5.780819414216441
5.754824644845262
5.767565130630763
5.818879390966733
3.641607090978797
1.5580620623285544
1.5464181004990238
5.781166862374084
1.5728616836936937
1.5874366902953123
5.8055838722937505
1.575608837478783
3.626205345485783
3.6614199453802154
1.5759159237014213
5.7611260964320286
5.752199400622669
5.790429039910056
1.536118716160423
3.6468802989702747
5.710709632580819
1.5785569866388172
1.5758142583467278
5.76046871958405
1.5881353830618474
5.75231825996184
3.6301775498663864
1.5538996796477829
3.67656619566686
5.788880296102898
3.6401444008508412
5.766924611717085
5.79258856983645
1.5685746871446993
1.5249270600258078
1.5491294639605417
3.693235557137505
3.6595253507347203
5.697814950155
5.728421753155156
1.5886134275490726
3.6265596248392957
5.733516676532609
3.7405556727941027
1.5533668072686906
5.734664066704405
1.5202994192161459
5.767905026404068
3.6288207562375034
3.6204736976216325
5.693234002749654
3.6905679467445505
1.5961578119670674
3.6521154602108115
5.7267978918739155
1.5586692931791513
1.6085637353028424
5.763990386114027
1.609905853712132
1.5376831569742837
1.5545188920911834
3.6977483571225362
5.815355624934722
3.670868897976754
5.73239451885753
1.5341978074175202
3.626815754554411
5.752124465216502
5.736561565505099
1.599263738833516
1.5447434041066637
3.689490649531234
1.5961483042837998
1.5604458956115423
3.6860218924445003
5.722281912054491
3.639596613748958
5.748461945101024
5.780905342222524
1.5451003912559127
5.799865809104148
3.6654307744239603
5.78885285911838
1.5484672572105114
1.5483472452880496
5.774641509109801
3.6579940973419323
3.6652585408282388
5.76202775452371
1.5593480493006968
1.5735377148751994
3.652753792976161
5.6857138545849
1.5539832580852369
1.5908624268612264
3.7210328688884022
1.5982713665497923
5.79258981273401
1.5186983542235024
1.5522965731278178
5.748900615422979
3.642244211155063
3.6263700642498757
3.700888829556026
1.5847900457748634
5.7799535672605895
5.733420442551179
5.681032076543117
5.748741937066904
3.6848773209389423
3.660451073779181
5.771619462871472
3.6273782490220543
5.818381069317715
5.720992719506368
5.781216230848277
5.742935559306485
1.5555650152200426
1.5659700840994475
5.750766560976794
3.6857423088647066
1.5412696038284022
1.539071988509804
1.5710416389231605
3.6511351364030857
1.5552558276222774
5.773957599221399
1.5504355826091443
5.763206087232693
3.6671056240707545
5.77112715374921
3.6035478482127514
3.686933730727537
3.6761445028989126
1.5159485000694963
5.761568364190311
1.5809871779803566
1.6001055821425352
1.5522553350933965
5.756048832092072
5.752968897219389
1.5415417503203899
1.5858970532565984
5.700625250983579
1.5680053318700962
3.642383319736989
3.6649341164555613
1.5672877418026872
1.5769156850801922
3.642078908195253
5.814460287015318
3.6560574356072904
5.758981776859664
1.5470146732320327
5.78786596496635
3.6796552584841145
3.6638172855076716
1.6084299362881558
1.5821771349757756
5.793875006594443
3.6615880218038193
5.731789945425028
1.5752094287250955
5.760278085552507
5.749735999862825
1.5906248541901307
3.6408307069431474
5.733263281007589
1.555747776144825
5.74288428644924
3.6477200921264625
1.5014934828377746
3.670800851406252
3.6418407116009655
5.7563370594047365
5.760966257016895
3.7216177161686117
5.775309808771424
1.5741787557667402
1.5560502143424224
1.5578577198116252
1.5524923429236046
1.5924387533457334
3.6274559463587077
5.724453317562964
1.5702072903547837
5.725978641906748
5.766510920133432
1.5501268436181768
3.690798319962979
3.690667661715325
1.536749675297334
5.7863250061765745
1.586484567063053
3.5962008410036326
1.6203961919766932
5.799007180566254
1.6371433524340522
3.6741229047752384
1.5468675289898766
1.6017614132124844
3.661573618027557
3.6646308855531844
1.5778645683900316
1.5613995465170833
5.700325271020946
3.630909184403516
1.5683579224597528
1.5859541413092813
5.741146666756155
5.8067510263189295
1.520618409316184
5.714365469656715
1.5899508984925415
3.664437929183557
3.6536505043831307
5.776730250398478
5.779630683519707
1.6106071284730432
5.779025922244461
3.7011838400351587
3.706584001546855
1.5842526773713508
1.5832470388024917
1.5870320174559462
1.622516002134277
5.6976211927344504
1.572332968083773
5.842773588622143
1.5806750046655327
3.662190144036834
5.809861460302667
1.6434176384747325
3.700198570816578
5.698004434021205
3.743757994898406
1.5111359888047244
3.662460511885936
3.6641953668255915
3.6513641335214424
5.769041154950896
1.6138990057396216
1.6166140097853434
3.612839352006313
1.562255021999464
3.647785155306345
3.712301353189894
1.5368635738506788
5.735405788772381
3.7287627082388712
5.780070483179512
5.791395056441411
5.785632667206111
1.5411964051232827
3.638681720974453
3.681358199908602
1.5731411228840342
1.6521058329374323
1.5238168831001215
5.781395901735203
5.811552832357068
1.542952926533752
3.7165629660898616
1.591347042471058
1.5671125287663688
5.754430438444075
1.5503091183377586
3.6898694963819616
1.5814166926193307
3.664720220027162
3.645073976513484
3.7088161445231376
3.6360703619740176
5.708678926361193
1.5461144119710597
3.625553358706412
5.767544531813986
5.799789950221258
5.732998812459772
5.694213731616685
5.751964090521698
3.7225072200770555
1.617987308346989
1.5949325634878988
3.716058744466647
5.786923622217941
3.612775342542191
5.731931291418655
3.651649842048874
5.8087566811947555
1.6091332461727075
3.650690286331344
3.620481718846713
3.6659401070741415
5.743970345132271
3.618580586277806
5.793306198558945
1.6624037128736866
3.680855035861083
3.6235522187205977
5.8044562216146645
1.5298763280990388
3.7158240104101963
5.777122500970813
1.5463670892720818
5.762593368043072
1.60468031323281
3.662848675512663
5.743417566538874
5.7920644177853715
5.7354569711854175
3.7361417438280746
3.642226461379648
3.6879305806416895
3.6779256767243487
3.666407482397549
5.774408859103881
5.7908964907592315
3.6474612813070295
1.6469567229833593
1.5375602360641691
1.551203878192759
1.5560323726529148
5.810358540166644
3.7228151287768387
5.713891660639263
3.6413600226966873
5.742811081502831
5.779464305163319
5.7582723006532985
1.5285194694183626
1.50000108265254
1.566343984227861
1.6174177207764022
5.775954028400127
1.5976628642689517
5.724902926044233
1.5375696653896473
1.5547003204488048
5.734425664636668
5.7812610894362715
1.6080874360043222
3.688905737092758
5.790988921246383
1.4854287803155313
3.6817302661144553
5.768287748764369
1.569921953127193
1.5699875381255495
3.656570836828737
3.6130627226622645
5.733993341099302
5.762035758802187
5.753132951616907
5.690588849820569
5.774852734951385
1.5671771209849048
3.684276393888867
1.5742648789052136
3.6794693000975727
3.6646850583922976
3.636208244021853
3.6824940763796636
3.6495581698139676
5.729703318592188
5.783210223036032
3.611607446355558
5.731060522407845
5.704341377944353
5.749829019559641
3.674329754413203
1.541777022211818
3.647154514252923
5.790696129750702
1.6005816942719275
1.5722188549839133
3.6366190373439333
5.774228051006684
1.5862483797093416
5.7588018222068085
5.767367583787774
1.5971001369571733
1.6226590396632297
3.603421583368694
3.650079647730354
1.6006334100105006
5.7833125522152296
3.686976867518274
3.6455569871932454
1.6193697063462595
5.8019037976023125
1.5804692645290626
5.788992132083535
5.784860016086072
3.731131628627983
5.801431132734784
3.6810191065755173
1.5560899382184892
1.5714186378112518
1.5133827555116026
5.724457203226393
5.788774560386405
3.6836273832663204
5.807230059977553
1.5765325459025736
5.7553453038400235
1.6064148440440844
3.7032943582052242
3.6894038451038758
3.687973399610335
3.6110123855968697
3.7150376356970916
1.546581812679216
5.805223613827103
3.6664253291093303
3.6831845128263403
1.5856774735750419
3.7387850464869876
3.6721091356322475
1.5703115668349468
5.7221903267342755
3.705401751998656
1.5727001139508399
3.633835103158876
1.4929767525072324
3.633369083461639
5.727558086686777
3.6912657431792817
3.617424549382284
1.5692657743440517
5.778094245017659
5.745711287690589
1.5779756124507043
1.5871956542631414
1.5498854169701994
5.727616027332217
5.713363684461698
5.794078593696288
3.686611141203924
3.626346132765786
3.677034559953105
3.661757922874084
1.5971318060232012
1.6142174723904528
3.6613769433102052
3.666974014810999
3.71623014833956
3.6276730571560436
3.7435908603435752
3.671668169869389
5.749327518983362
1.5641052352650888
1.6523537151851588
3.659083344499831
5.758895358107983
1.5930407574554275
1.6180297319369576
5.721544735611681
1.6128843770961763
1.5819291999380938
3.6439328920789045
1.5918268491280778
5.781175901021486
3.616624562697592
3.6819211067163353
1.6240720586807487
5.759280339384255
1.5123878062175824
5.721459147785265
3.6245906351962396
1.5909984613070174
5.730322339426097
5.748302586337318
3.662785637257185
5.759095846634451
1.5755381893647273
5.785825878463766
1.507088362388688
5.7575333616627535
3.617181343164298
3.665312081694527
3.643215446376352
5.772043593133279
1.5854834332138863
1.5771838013649848
1.5485428676815998
5.750209121795348
5.799394449068209
3.6549804293861694
1.527401663686081
5.801982590227122
1.5647647149991855
1.5226543667433838
1.5981094179727275
3.661622957067264
3.619590785996292
1.4959254073557613
1.5334517346878682
5.723099312417337
1.5741054981140912
5.769119026256832
5.783641206606601
5.817178903991531
1.553013138598268
3.6367879035331483
3.6387248830540737
3.6305431501632417
1.5277963147040765
3.6985201296341175
3.671179154588298
5.742511750218085
1.557949701093377
3.674599525296892
3.6733677648305054
1.5204000934603532
3.6764883334722125
3.6943460897397746
5.7401471586332775
5.677984034335701
3.6652895017942395
1.5239101245052855
5.799394240769141
5.790594402958522
1.5741762897322362
5.7216541868384505
3.7142095798918793
3.6613851500050734
1.5777458276953844
5.761637877880323
5.741605329426909
1.5901121969680447
5.733399527158831
5.801146553590486
3.675173789893265
5.840425238215977
3.666316566114941
5.789434377206475
1.5479205067899244
5.76840060219766
5.731980705441582
1.616336219465952
1.544704156165927
1.556199759921678
5.7533774702946605
1.6039375576025434
3.6878636142872883
3.65863078980634
3.6833202793876576
3.642653901847179
3.6519199176903845
3.6699460627789806
1.5376557078105935
3.689562316918715
5.715704874327156
3.694166320661459
1.5684570775481947
5.746838131532554
3.726137840696896
5.736281757127604
5.776025285722269
1.5892558498228233
3.6754655303132173
5.751838943392214
1.5499580389817131
3.7263436881418164
3.703359497703033
3.6640335618090223
3.7050743160616277
5.817383955096021
3.6471598281908024
1.542242107224976
1.5886343149419662
1.5679393620906628
1.567054948717872
5.726349457247183
5.770188679346807
3.6423333969598075
5.776914642991632
3.653761312578701
3.69811982320086
5.713658733835151
5.736893201623274
3.70442262596226
1.6094825501292451
1.581075073556037
3.6654959382050807
5.794551398182778
3.66379295241798
1.5644700749802802
1.6183615309838169
3.6793151940718074
1.5797570323914034
1.5399686356280857
1.5824237875154858
3.6840402364656857
5.698883205096653
3.686573270192665
1.570505888032709
1.6005851597694005
5.726529543957964
3.6736201762367435
5.73750225398845
5.75059074542338
3.683682786034371
1.4805525399922408
1.53601418953302
3.6947746015896725
3.6914008292442246
1.5476004254637694
1.5772318996262071
5.748674600104627
1.5987461058354313
3.6916796569231667
5.78059143145799
3.6324627768442386
1.6524871064368147
5.755949025994397
1.5299143768631605
5.797631229232819
5.807914157424294
1.5807511965463963
1.5993876152290891
3.660084733476326
5.762272137216463
5.769039089703544
1.6151273653988323
1.592861996852224
3.6237971103833515
5.721828361887415
1.5681971387979359
5.7661964901387455
5.765482274377675
5.662093447386664
3.657395463687436
1.5332912718710006
5.777902892485619
3.680278256897833
5.759887075903304
3.6585725791827386
1.5524604480854771
5.784749699896174
1.5643168282167768
3.6366787353068815
1.6183235585847209
5.792705133979293
5.730658470140544
1.59041628083341
5.743578592628577
3.629232425455847
3.652151796780071
1.5528875025353437
3.6180897640846927
3.700360181748668
3.6829063758315663
5.773747562429195
1.523726619535296
3.6768440973908723
1.5262530988634615
1.5411179400624262
3.6415774187130423
5.73819701504329
1.5513750570719536
5.690472594844333
3.634219293350903
1.5606748410611735
1.4913460536312457
1.5791892393357787
1.5667296550367773
1.552031293625995
5.789779531827741
1.5476770808720406
5.7674925392512515
3.652756060893192
3.671155375123809
5.778346741987723
5.783182566680984
1.5734650419464535
3.6744977960955865
1.6343798439860364
5.781502472521565
3.702482008915187
3.6846078747276803
5.790932154178761
3.6463602614120174
3.694859444184555
5.742737491873071
1.5682160430060588
3.685744844041591
1.5776926130977875
1.5740961451273208
1.591981096359581
1.5564070101046035
1.6267856685007684
5.794085010132999
3.713973949477204
3.6677462911950958
3.6819753052146575
3.661656988559306
1.4977621233219136
3.661722515047658
1.5934618838587407
3.6748557480632122
5.76640945121637
1.608145940805115
5.730932070244867
1.5711931645736161
1.6049387305267486
5.78954243153204
1.5934047590392004
1.5430927579129603
5.6889084257559395
3.6574388732007526
1.555493580087676
1.5674084544119173
5.715098589974887
5.745705773947147
5.75160832076357
3.624696941854386
3.6396470271117676
5.739952052054473
5.781578672233417
3.633843415227043
1.6357689302020813
1.6278398072856761
3.622890496260761
5.822057623723347
5.734703474273515
3.6289049402161884
3.709750484093736
5.695284413749022
3.7162672339740115
5.71726325804101
5.771002910632718
5.784545067600531
3.717020195195649
1.585303357903042
1.6345035175769569
5.719729499452456
5.826596431503666
5.778252297494095
3.641942135946135
3.6643853800926554
5.772893402190063
5.710900445220781
5.747250174991749
5.746515337149408
1.6067032972946653
1.5281303245412903
5.729197091011299
5.709438347497567
1.5568908365219079
5.758053910965023
3.648494483591132
3.6742773287033925
3.672393374767249
5.740881700678224
5.799251883196
5.762169027217792
5.777383892345112
1.5928185428361732
5.805718779936167
1.5437487668380454
1.5902937428802812
1.5578684505161422
1.5954695790458986
1.5677787382757655
3.6063495016111156
5.830346363300269
3.6722272472030966
5.801668335779535
5.756856800515315
3.6517349053364567
3.600534012540318
3.63789210437486
1.552314968053651
5.797482111199993
3.629827816368187
5.812184146159694
3.7494210668573587
5.76389343899353
5.779215276459703
5.767033585878092
5.760660916722284
1.5445140509010216
3.626999364048881
1.5860062059440145
5.826264228324717
1.488466220509479
3.638545190388364
3.645477390400498
3.6240425730367343
3.6945816721016524
3.593060375859352
1.555509148494732
3.702888727658212
5.74079883398758
5.728968780495924
1.5336003448962874
5.7904844565685
5.7520402458752855
1.597277901219893
1.5382490892646907
5.807768847074605
1.5398792611378194
5.731397671320141
1.5566684275635945
5.7762423683617685
1.5628316802543918
3.657480244431003
3.6697650689447627
1.517775015176869
3.6374218380914924
5.771852829896132
5.756758486383899
3.7437800785868323
5.786311334722089
5.7536547068060715
1.5833935022113785
3.687014441857316
3.612485638627021
3.648155050719335
1.5668868147042418
1.5796802389087263
1.6155237825529638
5.750262721661781
5.74077935077357
5.827928900881663
3.6603246017906
5.791819450632334
5.735256540720508
1.5772591412428192
5.825586345824183
1.553752069873061
3.6513732716551246
3.7036411976947705
1.5688094468531943
3.672188899762615
1.5525565878540166
1.6474334485658684
5.84342121523216
5.747514349171329
5.696464161461738
5.818161537973017
3.6682170450110987
5.760502972674114
5.766174873075548
5.7252164812823905
1.5720414075395603
1.5747425804295743
1.5216562458071181
5.734470662705594
5.748168336330508
3.6222375357531917
3.6803694199130925
3.6904488475685966
1.6255304481785275
5.761878598705771
3.627571545959397
5.754355869859557
1.582263070916083
5.756519667632652
3.6580542700713385
3.701637859812138
1.617005175113577
3.7119458892730415
1.6031181969651902
5.7230462232581125
5.736580716591886
3.6713660047672807
3.6289837626871395
1.5329592544138269
5.761429843259735
1.6732837600028954
5.793275231882582
1.6221381847050065
5.700693062158894
3.64586212029779
5.783421542138374
5.773397402324699
5.788316680057255
1.5805558998285782
5.684862652434355
5.700908402358676
1.593775813244764
1.5965048528382562
5.757879241621023
5.7494253212149715
1.5373781848519483
5.768294371551776
1.5798369455961268
1.5407253285485756
1.5714656859459994
1.5775492672358733
5.7191985092978666
5.781766309550765
1.546620634137405
1.5803570235168631
1.6284959543492854
5.789756866471837
1.5649208766935399
5.7803659009342505
5.780960734039431
3.709839384992291
5.758175818633563
5.802794779863573
3.7006157121544887
3.691881666438437
1.5783003106929356
3.656653859038526
5.765401438815402
3.6363271778063337
3.671810571912604
5.704243956869717
5.767368710597313
3.684452842094963
3.6561870921533064
5.744615143909394
3.6280765942035518
3.648485900357778
1.5414344139045428
3.655929063340948
5.773673571621897
1.5591952494733876
1.5948207892497197
3.6850475788492654
3.653561454806228
1.5578079388012323
5.739442226330861
3.684236420375115
3.7245420346781213
5.743728279166724
1.585065491405382
5.786148479742654
5.737416525912925
5.773332381960221
3.703250658332554
1.6167533089675898
1.5739108980765448
5.733042405618128
5.79568110953141
1.6036554445742839
5.744916832543806
3.6582149631032914
5.780309869664427
1.6033194323819995
3.638122530310174
5.804636965213106
3.663741994705614
5.705943628070114
5.786433722411681
5.728791542323976
1.5916530916870621
5.770569916538992
1.5708679853271383
3.6917749154133
1.5590619843172702
1.5400317482842225
5.748966775493699
3.7063982228148427
1.6011262743165922
5.738833320187591
1.5723634185980782
3.628309633481273
5.795349234879114
3.647979087766664
5.789192502364592
1.5901466913411768
5.798350523069298
1.5693115222788605
3.646846447965338
1.5043594246495435
3.637084713949318
5.730278784728971
1.613417413194699
5.794684915920786
1.5602292177799149
3.7111751442508987
1.562430330765163
3.658750876193663
5.727099812297961
3.7302882947620315
3.702106496276328
3.6613811138106414
3.674911134617785
5.732334274452191
5.735031601854096
3.6509166484980864
1.622075328841181
1.5185787888590596
1.603986667861629
1.5167393007144252
1.5738248572628781
5.687652558315095
5.79061862124866
5.800824516079898
3.706363950454602
5.771175963455346
3.650489683995413
5.738616240356285
1.6062515070028491
5.739205275467622
5.780051200519168
3.638791516820977
1.591956447511207
1.618072518536926
3.659948602414933
1.6075890636117403
5.710062751063341
5.729914438532153
1.5284691776122412
3.6347957518015694
5.795524103023057
5.749194131024083
3.725021679347436
5.7393770465804295
5.737516160846766
3.6579318961981278
5.757671857110396
3.620987687487545
3.72678373301121
5.771582685192135
5.72730934950084
5.730559926538213
3.6770443582346335
5.7942585179642085
1.5462194281596062
1.5465994574155517
3.6589192762614884
5.75145718485778
5.709321264402322
5.808155596862092
3.667286944368155
5.797367077983969
1.5912083963112496
5.753296104549692
3.6317116970082766
5.764594053249063
1.5598653639038367
1.5579042619447432
5.728540683842077
3.7408351215376374
5.779864701052761
5.705048147779272
5.728239287477962
5.721088912308636
3.705228046320744
3.592202203763506
3.670974120818792
3.59042087584361
5.756228627785971
1.5869059866406898
5.829180565763727
3.604690712474311
3.7184326410691706
1.5311511952315442
3.5900476049504704
3.6851273960942112
1.5823717429085722
1.5636995297617524
3.6895746440688515
3.646173403565301
3.7092284731707084
5.7365925835871305
5.7549879315096515
1.612661989861536
1.5768779522522798
5.761074401612424
1.549698679436705
1.5951455084966057
1.6582190767546694
3.6288196216829918
3.690882475498411
1.5212750361906353
3.650694766748074
3.6522179872758382
1.5289259034378495
3.725019102523892
3.7030359882978474
1.5286472151521338
5.739268032549658
3.671137034256716
5.804909931511414
5.816804159586633
5.754066632238078
1.552503360129634
3.647939888834689
1.5942034128079692
1.56876311146985
5.7416888601137215
3.6986431918639875
1.501059051577548
3.699918431521478
5.772927189852782
3.641567692503249
1.614128277938347
3.744813702382805
5.713756568547139
3.6093438551493513
1.5762981459314669
3.629058439526091
5.778742380678611
1.5345714694285768
5.7459916704874425
1.6270150007075
3.6539411728430737
3.6972146605362606
1.539014623410421
5.766007120788927
3.6779679144991997
1.5550500895296901
3.693883461268778
3.636279723224665
1.5307732088694856
5.727897717742072
3.6729573499752126
1.5508647284201027
5.7234289902713105
1.582164464300665
5.796664498650755
1.5366155691212153
5.703220748735452
5.79302631709985
1.5448396601017795
5.7536348127397385
3.6885721671625205
5.749663317685103
5.7756114542588515
3.6173321759990418
3.617717473409978
3.7354925009046123
3.6706039894249223
1.5709628073804507
1.5092429979299529
5.794773902903139
3.669132070957879
3.687599255035043
1.586347470112813
5.74960782141322
5.832818967778617
5.774064834276441
1.5934579246884324
5.799410890836658
5.741504707100047
1.5215254094734214
5.7505034884027415
1.555561299384043
1.5547353225331983
1.5862497284260422
1.5295115175534941
5.746552583703547
5.78791587526902
3.6997438734730133
3.6863022289810012
5.6830259085531445
3.6862266675836444
1.62599282218946
5.778046190683466
3.7290553876882244
3.6805943682948388
5.721708878241443
5.783801109691392
5.766053914083745
5.7566392504460175
3.688788228374395
1.5422497333864191
1.5373183562614177
5.752692984882647
5.778428679148713
3.614815073614527
1.5612887448302732
5.797971107716329
5.818308804938936
3.675446565515011
3.715644261707534
3.615657374071283
5.750131477946339
1.5690977724440622
5.720480982194838
1.55571165507431
5.797641574715406
5.854359164822324
3.644859700342493
1.5946974373012126
5.769093075717553
5.732957538266287
3.5997259459809055
1.6192653819559617
1.5240848941384548
5.72051144086977
5.815431587023092
3.6557921704741414
5.804833252868361
3.6784838030133997
5.734640154987741
5.761109621687815
3.619735598917915
3.67206384615719
3.6880403429888493
1.5384308890898113
3.724950138305208
1.5962030953931277
5.718604699457014
3.684475363184858
1.6393341646285178
3.6978542338380556
3.6400654024570804
1.5659191425785837
5.725572408579636
5.78866513338126
5.7479607528715695
3.6893826685639506
5.744228762050276
5.743041430952975
3.668664403894568
5.790468982688438
3.644475437078873
3.6142116869515
5.747695730549134
3.7026568945683427
5.733172635934042
3.636283466326011
5.721685637449441
5.782166384438003
1.6098468863475595
5.73758483656205
3.6556627610173207
5.766544719467737
3.712869828680302
1.5730198606223038
5.790423216430168
5.702897947363219
1.57645585804529
1.6303355552748124
5.80369426546714
3.646984616265206
5.774148522505714
3.653469155753481
3.6604310665010957
3.6428560410165103
3.641559849108814
3.653550451368554
1.6128856139644512
3.6966707133292718
1.5663925996735388
5.750063297343699
1.5515151784801637
1.5361679107199575
3.6526315390240285
1.5971218888161842
1.5736833956049754
5.736284573440883
1.5296921124836738
5.792866596882467
1.5599474970282885
1.6455917966579099
1.5331041670119796
5.756220900722136
3.6656594435760956
1.5860428107853766
1.5929824654219522
5.708578388723392
5.743457158657431
5.718509436025792
3.6565178753181193
3.6381120919447363
5.764786437459058
1.5416941061846337
1.5611889942849233
5.75840350460153
3.6734929662468945
1.5661741297668357
5.827535947182997
1.6252871050406985
3.6996051308366407
5.744595852036378
5.71362559343233
1.5255057409673263
3.59387344886323
3.648749008352279
5.810123097045183
1.5546791429264206
3.6743023348639436
1.5531928105812605
1.5569622911640482
1.5588876924764032
3.6643219395827695
3.709775839083305
5.72789244256694
5.744513688095164
5.833760221294408
1.4999956301044919
1.536688496023741
3.7039009505404397
3.6206772600292054
3.6779459010242244
1.5900906743788354
3.6582665591562247
1.541092583865653
5.788540133008123
3.6250094175174152
3.6529982072279585
1.6148108714823324
1.6403983487252582
5.761539651071115
5.756035440207519
5.763086847827639
5.811210107602136
3.658167163143709
3.695998969718571
1.5672462779645824
3.6798512385349422
3.6511833111174896
1.4842028301443162
1.4995679264867894
3.692007086034446
3.635566854681755
1.5650254862657522
5.763862217414796
1.5678935042725
3.6965787936881696
1.5606439834602588
5.773903045597815
1.5257275200525955
3.705910939418335
3.629701304579567
3.6479546175110307
5.739246196299272
1.5891201365800098
1.5488021406484336
3.6956177365418017
1.5493490811158583
5.733600561384261
5.752244085795695
3.64791177597804
3.7018698013920166
1.5128796552208228
3.673154789258386
1.6225650853747178
3.7083171660897745
3.6475353238470722
5.71033314236828
3.6697464241692144
5.746982556506645
3.6245860541039217
5.758045128840212
1.491101233977409
1.5549161980139954
3.6750574406968983
3.6830920926819735
3.705381214693664
3.6253165357447332
5.748069156973049
5.768197414451545
5.779096463058714
3.742007614129662
3.6788184355035507
3.6685234630468355
1.604233367922717
3.657769959612092
3.734389788745737
1.5327243345546564
1.5919389709707406
3.633310456159092
1.5697950001260852
1.5846676629634833
1.5432879832938662
5.743126464342337
3.6673560139069084
1.548338458622879
1.5718693760394613
1.564040918419451
1.5854034105241444
3.620659395481344
1.580627548447177
5.74397726426279
3.670709143935653
3.6797810302214344
1.6369317500250653
1.6115488065066246
5.770713476184063
3.672868001084618
3.6930514875344476
1.5314892616685638
1.5474216684571342
1.5282897878164987
1.565124637912502
5.796243197758857
1.5310155526980407
3.623478404889626
5.701052755750514
1.5984906322635988
5.744559910110038
3.6551363571563056
1.475261457834666
1.5918288028257224
3.6749714191732727
5.7399483631709005
5.785321582246857
3.728655180924614
1.5144313936111926
5.770029586022242
1.6379389086893688
5.74318249402186
1.6057754130428936
3.6049989666205056
3.699027374962513
5.757252242279295
3.6995640246743933
5.728546934766047
5.811960185498314
5.701182308010973
1.5725614240103003
5.779277999379434
5.739708386552481
3.6785498280227467
1.5726408574517023
1.5551935168951467
5.75193707412094
1.5612157282602952
1.5702557285591445
5.705637681194722
1.5870982821176187
3.6261206701979956
1.5479070920978897
1.5532682393030575
3.617703874697238
1.577268567326527
1.5728104872295294
1.5537855349503549
1.5641192733040161
3.6120848890781154
1.5388691259867415
1.5550788859651763
5.725365482975261
1.5868542619653654
1.5312947878959116
1.6320810299321993
5.735696248319152
1.6669827325842448
5.812986959379655
3.7070954890932426
1.5699623104248737
1.5597326266367886
1.5788942994246673
3.67025681738937
5.7199240618274185
3.677269803083581
1.539194269985819
5.761908284688382
1.5882922114687168
5.7586538040049575
1.500060367565778
3.6575076025297957
3.6377174040665405
1.547734418620346
1.5466265676481
5.704360991808401
1.5386119336958701
1.6320757223979325
1.6097679584923426
3.654933835988097
5.7548451598701265
1.5369657030836896
5.7959239592032965
1.5863988995049767
3.6390743732109296
1.5462394468535434
5.80373255157335
1.5412148540847026
3.6591365245623724
5.750225644582406
5.705608819159204
1.5667257950202296
5.777872053882705
3.68526300141479
5.781588076810313
5.767288025525086
5.7135213991388945
5.747326474448731
5.748915270726098
3.6486786592633305
3.5869561673719677
1.5546148284389378
5.7624782245743775
1.546197509519628
1.5454235078328713
3.6983800653086036
1.5913493091534152
3.6122943907929006
5.759149522941857
3.6505237550629595
5.745172627169107
3.6265018480602538
5.778840910562568
5.800982429564246
1.5543907884149912
5.710737194277606
3.673797393022622
1.5661106444804047
5.808602328087895
1.5731875463486826
5.768729277694375
1.5623878503931106
5.715533752120787
1.5461149245835155
1.5828243098361507
3.6942224407073416
3.642412342123922
1.549714574499265
5.801911515358767
5.74403384462838
3.634153844918873
3.6710227660004904
5.798890554712318
3.6930227373977993
5.747962019911844
3.607770091609185
1.5753836432039272
1.538896220944222
5.729079150522388
5.810059465778272
1.60582072521805
1.6185510463672437
3.6695077049800355
5.781424298753923
1.5417360852922473
1.502454385474086
5.765139799310227
1.631570253460903
5.804568951928872
1.5920869817838654
1.5571666326814075
5.757621726895564
5.755009085342852
1.5322272793909302
5.767984907001015
1.5604458825558774
1.5323605241461224
3.643723420038079
5.76494183987473
5.76253296666355
5.7325667697395835
3.641815434791338
1.5851450934429365
1.6037514971041156
3.731083012469802
1.5637484263524968
1.5981395131108371
3.6796397449349545
1.5260329212546035
1.5962247964619196
5.759935852481379
5.774562428468979
3.6449095684056214
1.5907059372200036
1.6162028938902373
1.5537033374970766
1.5642630323049707
1.5276452821536086
1.5399999405778226
1.584777460832477
1.5625619624310103
3.7006442795599086
3.6432899116957724
5.798296365007399
5.729307734191472
1.4935308384758277
5.758172319954232
3.6610266576778177
3.677166577465296
1.5494314981828112
5.7772019749099135
3.6545268705135863
3.6896420690041873
5.774315502585342
1.561424600393039
5.757872241300401
3.6593779851678807
1.5727533309265733
3.632664101056552
3.6542021783746286
1.5147917467585241
1.5775440942026657
5.758453058039638
1.557213293823942
1.5515125423441933
3.667776825523589
1.6104535711513466
1.529878279416872
1.6137779962085044
1.5430549927267112
1.562066593546311
1.5362736615736812
5.802254708987192
1.5672871113295916
1.5523959609413223
3.6655181773372387
1.5714548057062399
5.774750131867699
5.78090236102488
3.6988410049300264
1.6080991693845306
5.742309765498843
3.6774805350225797
1.5632777707143624
5.745443455365001
1.562261172174695
1.5691834966489226
5.704834884008303
3.691836829597244
1.5903839395486257
5.804619741479469
5.781284968738098
1.614797929177743
5.804626976064113
3.6700893982107776
5.788918231143847
1.6534821226498686
1.6084960063067917
3.66819292511126
1.6310714421356192
3.6371834765186057
3.7307759749837457
5.779771224559981
1.5672864071094308
5.719234939091859
5.73325534566989
1.6487717549209253
5.731210906914041
1.5341947014830253
1.58660486892293
3.6877875890819207
1.596944248619871
1.5405009459620818
3.694307690074449
3.6440765725687125
1.6504000784684636
1.5719738545407747
5.764372517675579
3.6839989928816435
1.543684798341556
5.768235740817606
1.5826273448059083
1.528474755981382
5.728796418538494
1.6237790029637518
3.6472185715520076
5.784271579138949
5.746930891591614
3.7305737794196006
3.6089542824571637
1.537772262353866
5.750987769300505
3.6454096116263828
1.6232597274439837
3.5957079328372963
1.5955703797007386
5.779222869311648
5.769725682984828
1.5518066149159062
5.741334263816824
3.676019795132723
3.73037096905309
3.659381440340053
3.6791172982106892
1.5042568118357318
5.757777138402479
3.610409545314641
3.6805988063059747
3.6607970886006784
1.580435284701346
1.6067032012329383
5.707279947769077
3.6514361986657944
3.6737904742883556
5.765163112420788
5.774948346868975
5.794510519335087
1.667232429678155
3.6510958832761373
5.7633494011813715
3.717656532741022
1.6305180598997282
1.516463217129931
5.745628847311305
1.5457102933735913
1.5860596181967503
5.759135301380792
5.75180513761988
5.75651784204268
1.6358884573921928
3.643207460644593
3.627919442490765
3.668474001302332
1.5823072707373078
3.6862194044743055
3.7376298991620187
3.604780603438254
3.665525494583801
3.662796166592668
3.622294249641937
1.5868455398914347
1.5803277560342206
1.5252373521776215
5.771755517445118
1.5107940447491846
