3.617070919645602
3.648043283354539
1.597660721152553
3.677510016133387
1.5369269587211234
1.5425832390553436
5.786319148160764
1.5712038078085784
1.5539463089045018
3.6130249105219283
5.769957566792563
5.704678833089131
3.627607551185639
5.77785572861722
5.82712663344776
1.5834664453171134
1.5468188259482245
3.7069376053765537
5.714592797595799
1.5297981535894123
3.703382844974173
3.620613551351562
3.65580690279343
3.6350146858547157
3.650335912399114
3.6739354869025247
1.5884768519464187
5.720223374750547
3.679906454772107
5.765642327744644
5.748856004018123
3.5891142588263487
3.7087183095470757
1.4811152316539602
5.776897159585467
3.613943487519812
1.5748603959194192
1.5192122376514487
3.671813499926774
3.628802961659112
5.715188315358334
5.746205897904011
5.698600494481543
5.773555840120605
5.738812680262826
1.529458165437457
3.664370287943924
1.559099281208277
5.7345946296046595
3.668426758372397
5.778118127322519
3.7484735577399064
5.730369959194834
5.804302583424276
5.788602091811989
1.593127854647906
3.6832103979592548
1.6185017028451094
3.645278799201852
3.6862236872347327
5.815266504109489
3.642911426057561
3.704196616957718
1.6066597405983032
5.828265353290214
3.591827928239887
5.765346210512894
3.6337099081721638
5.794742119146444
1.543796636751486
3.6715471453378266
1.595837914888874
5.753411211781393
3.6395161434839607
1.570661140533718
5.739488747535874
3.715402209362545
1.6264459669550568
5.778714482636896
5.811666693753267
1.578244348742618
1.5211703678154724
5.793085578871228
1.5765270753688374
1.5772225591073492
1.5781463850917274
3.679242151608812
1.5364855968867948
3.6891243187666736
3.6358872226429617
3.672275177287534
3.700661992917709
3.6817666567592795
5.828664716581964
1.6426160400001653
1.530509411867706
1.5313072583565117
3.6450823722726065
5.838092682351402
1.525233478342694
1.5414549116348848
5.713572820973081
5.742368600965519
3.6787942798584723
3.672704693203296
1.6010167378594014
5.793027737862982
5.7587637408356995
3.701301733559307
1.6219957062343595
3.6796798263873445
1.598418239125247
5.722447149138425
5.823711086249677
1.5788320156949625
1.5423300553115662
5.755901075481839
5.766727529203478
1.6266288168984622
5.796997010469274
3.7354070484801154
1.5720822105342909
3.6823666274721814
5.773580942054201
5.744651549314546
5.741716132912897
5.783117092828089
5.718559792709477
5.736857035853722
3.641914303441478
3.674445642581083
1.611733277119194
5.748509995667717
5.734073065918913
5.738210793092383
3.653585330868588
5.765239819669355
5.748952303890254
5.750621680991761
5.716356034744642
1.5642510915925956
3.66032942752359
3.692451387263423
3.650899634191276
5.856855609705427
3.5978700012257354
3.6647532954395325
5.761873332505258
1.5942989978544675
1.5563369393846298
1.5596006844040078
3.652522753243411
1.5527933794841138
5.700469925339259
1.6066025947904385
1.5722789926928624
3.663114394483578
5.7765458204819815
1.5227938913981272
5.790200218780766
3.6848142653475593
5.723768113856936
5.7494159272189025
3.6955070243526635
3.603244095215829
3.6602790481840755
5.723962416773183
1.6033707243461115
1.5700582706848079
3.702452062303616
3.6781622374221046
5.752059493756825
1.6342713561924684
5.791150675829834
3.69457407808518
5.694053742712352
1.5869814647280092
1.5826665870431214
5.817207613933454
3.6790687446653996
5.7698722042924
1.5278739543882902
5.8099303680950305
3.701260154206207
5.761547309811456
1.6054185273696322
3.661923502212698
3.646977498980665
1.6107202042049362
3.661744052591195
5.699573484605777
1.614802391000953
1.6210508000657806
3.600847579100504
5.757373949087724
3.659471198689938
1.6061210473131196
1.5696505911599634
3.7090936393355904
1.5796382707560839
1.5563387711640742
1.6128912758298108
1.6559175905488628
5.745679869630483
5.732336716235305
5.765465345352681
3.687715430512045
5.806203893855083
3.649202471270512
1.5693956705244685
5.778448617864013
5.742267258899754
3.6662056508423264
1.5083321205921534
5.744969859993655
5.712947904066195
5.744039351004846
5.715770001158261
5.805683862298447
5.727688912144176
5.748077218947501
5.760795526032975
5.751732590732389
1.5884763232139294
5.79886089239407
1.5051882182764382
3.658621228895642
3.632483539340926
5.780888018622687
5.695134221521405
1.5537422729442523
3.7104021831146143
1.6027168855488152
3.649912896346619
3.662657924810196
5.7392381742873635
3.641751699439996
3.694769858457587
5.799464935937923
5.739986417220935
5.778534578180186
5.763305089879656
3.640463382541221
3.7216300051491693
1.563804316872191
1.53102945435444
5.77036709582937
5.761196391444737
5.796605336703344
5.735370183736918
1.5875132387620265
1.6114491515176468
5.8012613479155615
1.5553876207030233
3.5419648900632312
1.5943648097203407
3.6715055481260688
5.749300423445066
5.718245325034709
3.637916359174089
5.827449819689702
1.6106602266224215
3.641217491872061
1.5498062711811245
3.6044231112661294
5.7386568788586425
3.6965257017535476
1.5885930407055229
3.719693621734914
1.5763110481231353
5.807571533710057
1.5022212461491105
3.7101249396944884
1.546955090768476
1.5902011428748182
1.5972454035692951
3.6873844502849757
1.5792814666480388
5.69984485981256
5.75363860106339
1.5539202950969244
3.677025242071699
5.783241727326245
3.631436292460529
5.727686205705337
3.642706062693845
1.5646509673986178
3.6383042915784762
3.6503244047310086
3.7472283892425153
3.604785982318751
1.5388257024058012
3.602219849565108
5.736531986263461
1.5966375159435215
5.767398635394112
3.634240091875006
3.7267473890491702
1.6342479104646177
5.8332090670563375
1.540466493533613
5.7663842393269045
1.5529575362266521
5.754793824237482
5.74612172647056
3.6412429488493543
1.5204960880434752
1.5718534555886197
5.709807296155605
1.5568237286003106
5.788776655236498
1.5730899547289654
3.6835769331487755
1.6044900155797532
1.632195342586686
3.747299965192485
3.6936547895147593
3.728912552159355
3.7193790450586826
3.6271321010648734
1.67168749131639
1.601751041669007
3.6615169806531194
5.754538659389196
3.598841858592028
1.5955604682149134
3.6717033717073244
5.806590486429709
3.6311217613503772
3.695453662258094
5.77527423349027
5.849954389100603
5.744808591745829
5.750074173598931
3.663089471306572
5.706484512551978
3.6927932977700633
1.5405925228845563
1.600307024666186
5.795256037416892
3.6228436762770126
1.613406229945761
1.5677381933902774
5.727650049118419
1.5171614612625177
3.5669932800856157
1.5346466799285323
3.6098209962571426
5.75005433171486
5.774382049223282
3.6846471321186884
1.5711427693838969
5.7056278455565375
3.6954900766838827
3.6464083066916086
1.5433699553039464
1.6073116691195148
3.621579672479472
5.754467280068787
1.5985627703629928
1.6162680773054623
5.723153031509165
1.5921924947462802
5.85881862444587
1.5357103563782282
1.6104167099542819
3.6158400080116975
5.728665189249005
5.757243097837732
3.6908353756828984
3.661485624257306
3.6999989918014484
3.7045633697649776
5.739720715712501
1.5254098275584713
3.6563262527423666
3.6794673087775944
3.6718680350170367
5.714159211647927
5.749806795058333
3.690755536274208
1.5764073438822686
5.784001556924017
3.700866781158723
1.5696289351339128
5.757284560195347
3.6769591723808697
3.6590322591836797
3.6734437496158883
5.708769151396188
1.5472006824752917
1.5419757952377817
1.5683973838244936
5.752542358608252
5.723417498347024
1.6354055972844739
1.5657547895523045
1.5973823506278548
1.6117530895113106
3.6509487950242914
1.5859095617843577
3.6366652385273146
3.694181606205468
1.5552139200311657
3.6766133810155663
5.72273154830184
3.6284207422993293
5.756609634903779
1.5615662302163849
5.700523453816772
1.5807534191345203
3.634009689863488
1.6550838570794153
3.6523322103925597
3.67589985724419
3.6599251096121925
5.769430065283632
5.739007720488942
1.550607363848186
1.5234425089777868
1.616776452846156
3.693574418214562
3.6099425989411955
5.811988265577534
1.5756965255057929
5.737021986542108
5.727528558808168
1.5191215108601717
1.571629828071491
3.6778375379571173
5.800097128958319
3.7050915211720734
1.6278892489788492
1.5930835135120214
1.61652740870603
1.5583539989819775
3.6740921127860693
1.5883812137093791
1.5403344054163068
3.6729398822094765
3.677039202595758
1.5895145867770695
3.664904810771593
5.79757967518471
1.5334557836992375
1.619364390430458
3.6101765086469397
5.870147777733394
1.5558951428174106
5.708513728197151
1.5991388603045804
1.5318037900056498
1.5621142309655416
3.6781586201800196
5.723775975142661
1.6049566772060435
1.5838282670729797
5.810943730413652
3.655415214898347
1.5823280005252185
5.736767229861153
3.6669198602185507
1.5862060113980334
3.7346517793571214
3.7663234089722377
3.605035065954845
5.780681846811691
1.5458793515152167
5.7577611534615585
5.759617783556702
3.630313520220463
3.693424051656622
3.67474172744772
5.7392330674865075
5.808610679945178
3.656861963515433
5.740755634226373
1.5304016646911318
1.528510919499571
5.755074797743719
1.5968186764841883
3.6163639805567205
5.728730662080175
3.6652659233855562
5.742597353240672
1.5202077150137883
5.798432152684483
1.5938726257171107
1.5819273857524845
1.5198392757532089
3.606161348318987
3.697594120355225
1.5886428315507999
1.5917039899742365
1.596414388040913
3.69814664609676
5.73622056872117
1.565717633705657
1.5343307862970181
1.5321122391924742
5.714942067941475
3.6625359388916774
1.5648582014725863
1.5982916652698407
1.5801787705410448
3.6625503719981425
1.5311578910809522
5.776652963621232
5.743952673969142
3.7095181694734816
5.788050179780818
1.5863779621186997
3.6544456125752056
3.647089022029364
5.802580374388161
5.787727120953566
3.720092295648677
3.681962122227698
1.5850337316506289
3.6406581589446083
1.5345511284942952
3.6747445047482703
5.732907162439085
1.6171730783499116
3.7045258525654527
3.632778266089048
1.5282271711424242
3.676629612214559
5.729219458288464
3.7105652338616975
5.793398539082833
5.791276793603423
1.5484294205837497
3.65257048837799
3.6321105666695312
5.692014420706903
1.6411615387611418
1.558800331295069
5.760773712535261
3.6285012467185047
5.7835396622289315
1.579585189214225
3.612482851009424
3.6934434313801785
1.5360210400043401
1.6139157574839178
5.6835577634853305
3.6766783732688078
3.632486864940718
1.566953214572313
1.6210415930864692
5.746771958394266
3.690498969937825
1.572533999921656
5.744826850761613
5.767513115945405
3.661817852991641
5.822078689623078
3.6683013010173946
5.7242681665064215
5.7466447939558165
3.6598656339357976
5.785538614396465
5.68887031691417
3.661451948374269
3.638421654615528
5.758917160376501
1.5907063625761688
3.6058973041560334
1.580613726671618
1.5835604962160903
5.729907418053679
3.6614463754160336
3.6747282988247587
3.6323726289744522
1.6026968059645728
3.62723668851833
1.6439165694719056
1.5596346879004432
3.6184416450379104
3.6281535721044995
1.598257208199704
1.5440031597947534
1.5483294107085679
3.6954384514242817
3.6424647459895207
5.752143598793806
5.764047202416762
5.758970764771053
3.6258950002431103
5.728268437997844
1.5744166121852723
5.7900867320379374
1.5495406816009183
5.718534110536725
1.5507477515823678
3.6917041498076224
3.6542395763388695
3.636176179303234
5.768175371339482
1.5748761383528573
3.666439136922645
1.5407584605698894
3.6542952759694645
1.5577484486884203
5.80930583241384
5.749523618874286
3.6317579299062257
5.740447595109163
5.782983100851524
1.538767700296276
5.778486445901385
3.6826998882870843
3.689195809806615
1.5845253476392278
5.779856657124689
5.755109319107673
1.60645427204076
1.5604889655812753
1.5701460427003249
1.5163579398972136
3.715591520913953
1.588405763853274
3.674890033220965
1.5903172982949547
1.5499524738221127
3.6324153312389504
5.765558534171603
1.573960624370295
3.718291290641868
1.5697696694316692
5.759699888271555
5.794303657744761
5.784702796715318
1.5187296972111857
5.766368881994878
3.7056479357325274
1.6145368052269244
3.68966984288654
3.6694318368874193
3.726043454538731
5.782117833106885
1.6049523559454335
5.781259510331902
3.7082699617064203
5.7629674484309845
5.754079417355682
1.571075492988692
3.666848877882874
1.5709916941101594
3.607153438718136
3.6784450506945237
5.746270791103865
3.612528582130441
3.6945792389940135
5.7634418638019795
1.5436893324990648
5.747771252908904
5.734594563086742
3.740768912720495
3.7306677510902064
3.651827830691174
3.705442797002241
5.74438962834188
5.695282576372891
5.771470940086648
1.6106254239094502
5.77225144562253
5.807625077531382
5.76054066222025
1.5690742530377613
3.6750846241914776
5.810604699306117
1.5538370895773366
3.6708562857475666
3.5903678697690085
3.646274524963315
1.611852436383523
3.72618115677278
1.6255148604643193
3.6559903819580586
1.6711073275114408
5.748834413952869
5.806556109474973
1.5421692699809584
1.5723450987201826
5.747646311579557
3.6926250763399153
1.5626481269207517
3.6489323749474676
3.677236946527483
3.5918562999851416
3.641793950775002
1.5708213208148223
1.524320272016575
3.668640894829248
3.615135502336344
1.6247616947330794
3.6764655779829045
5.75925196306573
5.78579496341923
3.6877072759439398
3.664185919515737
3.6240238432720644
3.671532745504212
3.637616375220938
5.749482947577651
1.5708132803882036
3.658849245156066
3.6546167923787394
5.716776089317015
3.671863021190842
3.6761580459955288
3.692942908696518
1.5146198683365455
3.6342899227772034
3.6241975183716453
1.5981352298537157
1.5959223450421134
1.5573508620997734
3.631688846823931
5.762937186428186
3.656127002515568
1.518832615591957
5.783185209976555
1.5399936013616764
3.6531179340443
5.783094556314357
1.5902059327410303
1.5590778013198419
1.5818674966976163
1.55482007165305
3.6463864804099377
5.728247556798159
3.6601600973933093
1.5451041776408199
1.5458696235486717
3.690471091602984
5.800967801873885
5.755206470631011
5.7722400920644485
1.5569320890998741
5.750513096060321
1.55606662860616
5.695248815724057
3.6601802619941646
3.740409215041695
1.6014696615283945
1.553750444778879
1.5505782138063022
3.687650198441083
1.5877518836939923
1.549935746313506
5.747871891039893
5.695138764244139
1.6623203623183311
5.751500382983499
5.789343638981514
1.5662582089148982
5.753638209604716
3.663745142421117
3.689748366608525
5.755017865519061
5.730302735505153
1.6042013838521898
1.5823738090377766
5.75935310319774
5.766603722489068
3.6452567388832606
3.665056750213631
3.6132986049553737
3.6955503367982065
3.6222433387953443
5.785340428571098
1.556121004152502
5.796351624449678
1.611433732881161
1.566641434814076
3.6736164528218085
5.748544130646051
5.782746221330948
1.6080616043054912
1.5818698955156827
5.730976763666963
3.6038318193927044
5.69390672136896
3.676391682163743
5.762897766457016
1.5246839781517418
1.617657249304075
3.6270058448239495
1.5972425938321728
3.6748760129090643
3.700260596933728
3.573764238184213
5.6760552509113715
5.766101928595164
5.777094534870076
5.704715367987993
5.719526767049667
1.5689548227063952
5.702717514357602
1.6252164233148338
5.748269842802252
5.74037344752455
1.591867150529639
1.6103482877682442
3.603298342003176
5.736053572644454
1.5558771902871174
5.795230232370383
3.650405134123449
3.6583383401501623
5.725670222009654
1.5113110954576703
3.6376747769782045
3.711015884529904
1.5766112029683943
3.682384499684278
5.749427608109367
5.705629935281215
5.754587986470072
3.7245930476777582
5.809291593239814
1.6311463310854803
5.787785898394261
1.581940004091726
3.64105292941319
5.733401916131243
1.5346913941297127
3.70622624777959
3.6032790193252437
3.6321123116209546
3.654597148721253
5.8061155514012395
3.700333155806772
3.6344950880787272
1.6012948260530693
5.7540042991957
1.6102514064517877
3.690586640622002
5.715749772590598
3.6454123688369946
5.753456171671736
1.5979428245090872
5.7202050036843435
1.6031938277967015
5.785175659601505
5.809958935875088
5.802393073662997
1.543698378289736
3.632858034116142
5.781022436670758
5.8312702711638025
5.810584369585615
1.5917886800372265
5.762703952830264
3.6208455943722773
5.775553015284246
5.782767393434135
5.697771882584948
1.5976792419127097
5.739990873876285
3.657711459131014
5.744251280207732
3.6631180554832676
1.5928768368573767
5.746951873362496
1.5579931785038648
1.6262809347674403
3.701740389568471
3.696324051033924
1.5651966471123995
3.652204256483955
1.5625927833945494
1.566251132421978
1.5741311704467504
5.760761309567426
1.5239478742866093
1.6038447061006889
1.59785802782008
3.627976454556665
3.670993710693364
3.656943451968554
3.715002638760096
3.6034308921611364
5.762434610938531
1.541014814120555
5.750217689852398
3.7091264962459616
5.764685367351287
1.5125226652172559
5.767345195125007
1.6188288759273313
1.52922331189566
3.6309644221710786
3.6951764044340902
1.6177609016384873
3.643530297062808
1.556715341852791
5.773741887644444
1.5772920288615575
5.7174167526362725
3.6561879841649763
3.652314429370362
1.5262689691232398
5.659059214284413
1.5777624400877384
3.618930109983862
3.717738392355028
3.611213540002735
1.5691303707638957
3.740013989955222
3.6708891596231785
1.6512854370930543
5.776074502515916
5.655574992072911
1.6237258669478867
5.785617384654648
5.695328244620725
1.622722490747917
1.6396795969931195
3.6611139632357226
3.6557104888261094
1.6092368901785337
3.631234310285231
3.711164859050473
1.6250469472703162
5.769771111623642
1.5699418534727236
5.7707328531679
5.702032851792319
1.5878109725781515
3.647759557481647
5.747956400764549
3.6090052809944586
5.763363992561894
1.58598701410427
1.5623799229183812
3.665094969687436
1.5745566619054538
3.6526697320083947
3.6251883764040227
3.6691885545770737
1.5638232463935844
1.5594257651772594
5.752158619282664
5.7821377201539175
3.662704947129405
3.6523888825792907
3.6192533921393255
5.786305727434868
3.682865785326526
3.678099428791246
5.68723610842801
3.6174001514942753
5.798502609164684
3.694031769358521
3.658171046208493
5.763639034904812
3.680180183665885
3.7210065363651035
1.633488786358345
5.794171367258264
3.6303431285371794
3.6650403120055604
5.8015248317678525
5.80932128836388
1.5575760494636492
5.727719076460863
5.7706427517179355
3.7340105714334975
3.672607614429052
5.755522479651677
5.780310365381274
1.533035988507979
5.773563022834335
3.6550472169528816
5.752537477056353
5.750561398478518
3.666996038341539
3.670524964493425
1.5997300049533454
5.790316235923666
5.741597500406239
1.5999716286517431
5.7258611872384515
3.620125657654475
5.794045502635253
5.807204888107209
5.750535574346954
5.749172117339605
5.754793301014081
3.589757801204775
5.813988472897187
3.607894663294681
5.762867533209941
1.650814150887678
5.716227581446245
3.746197295821406
3.6482143504386335
1.5854696580218914
1.5131679403027527
1.5831322476652292
1.5884990837492783
5.782313802611857
5.769584048499157
5.782657082709196
1.6276647148531085
5.7341658083527784
3.6796823000044196
3.688620465077245
1.5424584054434356
3.6695551410282508
3.690190963966216
1.5716148972918074
5.761526315885082
1.5278592543558696
1.516821663789209
1.545366573954409
3.672459742355191
5.753102302244328
3.644041875328853
1.5582152658986468
3.6874288574249436
1.5617449676517348
5.707468000779752
1.5716086117541734
1.6592881930137058
1.6093582531377297
1.5643006701484363
3.6850710807483726
1.5299224779036558
1.5830203232875384
3.6434402634106395
5.757333428790807
3.6934875956231985
3.6351298682607944
5.743863555919754
3.618562009748793
5.787013167898354
3.6402436266602582
5.785159599495415
5.747127128452363
5.753163934212797
5.738365989432176
3.5899838206579058
5.77393622786884
3.648240046360501
1.575024318149239
3.663821862609203
3.703586585763411
3.7298765490371757
3.6476683217396455
5.797346176415297
1.5551160163240514
1.5907557203927107
5.7481204627827145
5.814256272303837
3.637321680807758
5.8240641713465084
3.661215066656113
5.788982017604048
1.6072554102418222
1.6298808009525134
5.77877952164024
1.6106032952073481
3.7313545891025894
3.6909755535753415
3.7053532888095115
3.650663263382899
3.6122486393282047
1.5814374947494731
3.6878499007246712
3.6585726913227727
3.660275847794588
1.6101313930876286
5.801429094515106
3.702448712145801
5.754147838835511
1.6038461443286902
3.6287822036906436
1.575981030078806
5.742015874267165
5.727143882740704
1.6125124516285911
1.5460211390842717
5.7587135864001375
1.5430865659830029
3.70698134065248
1.635497311942912
3.6452284918852054
1.5238228276733468
1.557701033239749
5.808706647932602
1.5805247784014733
5.777118687549327
1.5363141404052107
1.5406164892348062
1.616938747323731
3.631018750095605
5.781839633448701
5.718581757123217
1.5358958113184646
5.837250018030961
3.6612408972441575
1.5544198734286527
3.7305260015111825
5.750374373265168
1.5783767489633878
5.748563403437219
3.687968076522457
1.587268712996012
3.7406006551605353
1.5166314932459888
5.720453095249281
3.5956564223131684
3.6418817112757798
5.800254822912437
5.753733779485111
3.706486958000552
1.5518968322302256
5.7669901139760675
5.748280326550017
1.6327944065862754
1.525869333165255
3.64883886458435
5.731906610651363
3.664648254888463
3.650574671000124
5.784246838539768
1.5455328481031136
3.690586804492422
5.725017572323921
3.673622898953378
3.6766705021845607
3.6195168842252827
5.762928514803284
5.767574254138947
3.7090808110501503
1.5084208061755415
3.664932477977417
5.782133124154581
5.796467893675959
1.5379672088853829
3.631238868029835
3.6678538965191088
5.711073222499547
3.6817123008891413
1.6370021558707837
5.7729356988792135
3.6664327762291777
5.757087164711457
3.643211457702366
3.6929688525521125
5.78790735253483
5.704929249066688
5.8192779886242265
1.608959710697576
3.643964299294813
1.6128844804240963
1.6528861033523483
1.5338416912992585
5.74949898369197
5.768550636565718
5.814767433436592
5.767662848629526
1.5695949308428856
3.6472894360384935
1.5224667117496762
1.5657465473060936
5.773732274731263
1.5262162493226823
5.77274794113367
1.5555174550199626
5.783731189645818
1.5775535289732452
1.6333365374880966
5.721819006841679
5.752546322889889
1.6000976663084634
3.67080415772453
3.6936661581790498
3.67922879180752
1.529801200502909
5.762284518750419
3.703058997811327
5.723731306399141
1.541016061189071
5.777196432927083
1.5810500389072684
1.560893619764955
1.5094502241087229
5.796648706516889
1.5652093927819282
1.5706089226447904
3.671494089370564
5.7709915669043355
3.61834770529937
3.6510957384044485
1.5870127406615153
5.685842224423201
1.5400296013979187
1.6129683796566034
5.736839285502852
3.6346506482585244
3.6790272178456958
1.5855447616621257
3.7002233904226
1.5879525117292301
3.6717446040824715
3.561103608107174
5.8087107109235765
3.640443115432314
1.5909366834835859
1.6586164004329143
5.780163522437436
3.574487988329707
3.7088738897184084
5.736876978490655
1.616377332951135
1.5356537775313694
3.6777295323650616
3.668958785640429
1.539826698938339
1.5541939792027597
1.5168406349287453
1.5799501577409107
5.7667345584073875
1.5795315063642148
3.6816994603167954
5.749008090461901
3.676896088867257
1.5845951295378669
3.6517221540467455
3.607615275637933
1.538418887233647
5.7544486578351135
1.5585138180850397
1.5969526241842718
3.6803503478982957
1.6492284501225998
3.6463157581435226
3.680615886566696
5.796837043808542
5.751288933138919
5.761484047932272
5.787573689594689
3.70666690785314
5.859683549660378
1.500922750209388
1.594113481243616
5.74560017862835
3.6515874902433962
1.5504685442385266
3.6600069207767767
3.6111412197302073
1.5843925166405164
1.6730686825262484
1.5655563929096994
3.6254340534213054
5.748928152786031
5.74088065685961
3.6938829144532703
3.654164172798205
1.6250492866961024
3.638066510853561
1.5585292489814988
1.5935001564914395
1.5645365638326507
5.801590204384641
1.5899070500304129
5.751593080777898
1.5629232541288887
3.6447781699525517
5.74786276496069
5.810127979008319
1.5804666114516865
3.640940570271148
3.7397544614163696
3.679371383985199
3.6427642309546773
1.5620655619769652
3.6551078309678506
1.6145826495141975
3.682994056534275
1.6001635045710354
5.78481555205846
5.787495501448722
3.626743487773737
1.5636701219648597
3.6580336585165423
1.5059809491366916
3.599548974263163
5.738566712329579
1.5725445970762997
1.5662144665742208
3.6474358430733003
1.5605759260155119
1.6528606123326433
5.794588653659222
3.6878456948463385
5.778456779925921
5.790940270303931
5.725956252821423
3.629339494422715
3.7056919432654856
5.790515790515769
3.639016461861572
3.725075815885785
3.62970104836425
5.767503529696723
1.5755637006300556
1.5693536453886194
1.6091616069954933
1.5665821677973613
1.5716644955517052
1.5349989292028963
3.666562872032546
3.6063819892929816
5.771845890524721
1.5446525964315114
5.736142403975968
3.673599546929995
5.74815278660414
3.649754110102886
5.752348084412296
1.5102145347649247
3.6745171204258678
1.6103859896285315
5.786209715655178
5.770394521072902
5.768398866642019
5.750327679595714
5.72956390679095
3.6198398546371835
3.6289761806048797
1.5586788004831722
1.6105962210721763
3.672566972343544
5.754366821997502
1.6181313468403176
3.6681989642582353
5.7117897062015555
3.6497746123691783
3.7422670536241087
5.724126246804232
5.693212267902279
1.5682766011755258
3.683536199154087
3.663444791470209
1.529244145213279
1.573487328956876
5.772608684390564
3.5859209930620173
5.761796604858018
3.622115813354054
1.591635518331024
5.759939247517636
5.780210309710313
5.76518373845648
3.5995930472140754
3.6630378032808757
5.689449534227343
5.762780475974354
5.794829314833142
1.5894481653932688
1.5652112644459768
3.6526759036848646
1.6555432065399251
5.78826688776465
5.7109572140892855
3.6280337724145615
3.6589729083486664
5.748644874763191
3.594412589474178
3.6170313844475257
5.76873067871117
3.6294156525513768
5.753912571764248
5.762346579574432
5.75168565345035
5.740957692128765
5.779741579718128
3.687258835100876
5.743245215518709
1.5705416112838222
3.664025559308657
5.77459510366597
5.85425211633362
1.6258137619535904
1.5533104753586526
3.70912726448774
1.6118754875906467
1.5209918493134378
1.6361001901677543
3.7090469002505437
3.6375332826348896
3.6744271747218376
5.762083540689603
3.643235082216966
5.793437195274772
5.745618236918989
1.5708143734456366
5.803523753076812
5.7624960395549945
1.5452418975739721
3.6824517243901833
3.699899248992846
1.5902961682529257
3.665296369562849
5.772289668220169
5.8146920245141365
1.629878858346027
5.772000265708826
3.651600558503444
3.6674252806344922
1.488340920026256
1.6544405416215244
5.690517141905139
3.659933312830658
1.5386578354544052
3.6491723490095684
5.710273482758823
1.571038465285983
3.631747454722012
1.6175708819168086
5.756697076721373
5.714717713323633
3.6206835933352175
1.607152135827707
1.5542146994385073
1.5728227792632192
1.5859604487654049
3.6591678852910916
3.678815425904716
3.6730317240635193
3.659891636862441
3.650374304879072
1.6244283284440573
3.659471550687557
1.5608282130244255
3.7322486035360942
1.5844961306881442
1.5129767400980927
1.5496366498553118
5.76519388994799
5.6768518846478235
1.7008054534786314
5.7731361296128885
3.642523312757703
5.748219738138091
3.6581948313173296
5.812712665538894
3.620364454164259
5.778932387095787
1.5465491462206158
5.788940404446059
5.783847394889826
5.738411650832572
3.6595161120626587
5.73670616175058
1.5316553325572706
3.6456058735963333
5.769553818695452
1.5037400570949733
1.6291420601687192
1.605016066382952
5.73023628331226
5.785779246428015
1.540065976479407
3.6889388947203456
3.6917746391818347
3.721292821505429
5.709200850381636
3.6430356511762576
3.6554919748505634
1.5259324062472563
5.7302178718451655
1.5773609027732864
5.751601169459928
1.4894609752228531
1.5243546668033658
1.5590072559403243
1.5845036082551545
5.720959556174821
3.6714697184745937
5.780183333890167
5.717407489464426
5.8145645187356365
1.574831034406909
3.733814813690439
3.6834411396096125
5.74176898962217
3.6372954837172844
1.6026500225376457
5.774631085086452
3.68840522232133
3.599442353109902
5.754691031342549
3.6562869642450737
5.739855588158948
1.5504047289996215
3.5742216532004547
5.757093628317586
3.6733556294202936
3.682683172280969
5.802195894765712
3.6591991694398365
3.6218843377432006
5.732236154099914
5.808121925374336
5.780485589841733
5.838064989874977
5.725099266799599
5.78032602088599
3.7058744725356028
3.665994689168669
1.5521293640241058
1.5275652205908306
1.533184648455818
3.634021597394566
1.599097991471019
3.692232535672137
5.781263166999137
5.6208939164041025
3.6843191399667736
3.697856978491258
1.5782097307952827
1.5798313099705377
5.713801753565882
5.782759949836072
3.646677952168053
3.6804249922051078
3.6222729868481363
3.6728460629845765
5.768222250468472
5.768956726181629
3.740708441745914
1.546350315946098
5.833419366096165
3.646297828233983
3.629054686056939
1.5309314393912032
3.6637972481700727
1.5929259165229894
5.776520139636079
5.725280928598958
5.80646009836052
1.535657379456318
5.822194496795695
5.762107903544063
5.7076182411406124
3.6347749758637193
3.680213393262129
1.606192016505067
5.73689241624242
5.819879625814547
5.792609692419997
3.674091113101306
5.831650926891728
5.7779819402863595
3.6762928953830434
1.5907583641359175
5.737324897823344
1.5388208111149873
1.580872989025857
5.797133479875606
5.754414561771721
5.775006011149434
3.692752932831449
3.6901768341258605
1.5858094234425812
1.570926207236655
1.5639798513921725
1.5508366850633926
5.6971723529304965
1.5986702634671797
3.6605443778787974
5.803062705934027
3.63737144084349
5.759709674521153
1.5749306678024282
3.712505106522183
1.6026197096253498
5.740527411737764
5.730950049017149
3.678492218908734
3.697846233993363
5.7915688175314575
5.689630745897473
3.6430681985400617
3.6217827892454015
1.5731756150722354
1.5626027981141277
5.7687988355513395
3.5794966743053283
3.6658956401400773
3.6911483635088222
5.7487968960614495
1.4884312621798303
3.6723017208015705
3.6190795019630317
3.6109045762730325
1.558518423530641
5.764491142203994
3.690701956810997
5.786935522896175
1.5521026010043033
3.665919978798743
5.7485826973209475
3.66054203077853
1.5502778328007256
3.642925603666177
5.765205512527758
5.789187308642314
5.7845414501343155
5.807106701743535
3.592127900478121
5.748456769010955
3.6523369033369764
5.731411356858156
5.728898494352079
5.771077078580469
1.5644135529290497
1.5204441201823293
1.6148023056832992
3.6961945322685126
5.746196495879055
5.714857515600714
1.535917714689497
3.7076333811314055
3.6217926241123766
3.6819867757427205
1.568714672172226
3.634714764448676
5.705582603782994
5.80236112317742
3.647168372637824
1.5513542986456428
3.7315490809493728
5.725554433109264
1.5034919176855566
1.573451948527298
1.5701581706967804
1.5492314243159173
5.730616373841858
3.630201950971147
1.6240027292459729
5.756112967922351
5.766764649674032
5.763913858840521
3.729171496540855
3.6704491444060103
1.5107870849082694
5.725837404122577
5.721519745356717
5.765300568086841
5.725886350627985
5.760237027713107
3.635472198017584
5.761186474996546
5.743564904050708
1.5502716758696624
5.761365905033442
5.713699706920561
3.6128419574099326
5.807115921621381
3.6610939037645314
1.5700510651768376
3.7088542060953693
5.712773554694273
5.741753844988911
3.6694127411910014
3.6408680194200955
1.5634784840920446
3.668690378715879
1.5674385340504762
3.6650048857176385
3.655705315041881
3.632419521338517
3.7371004545466953
3.6603265968529826
5.739838362373966
3.6931686482411465
3.6630664628493
1.5859041910092517
3.6284943753032954
1.5757722585549738
1.6204222289501113
1.5937107489491036
1.6109423417041004
1.5269728966375822
5.760012645747726
3.662794760673758
5.721320908940109
1.5986291974451112
1.537291497543384
5.7570072492036255
5.8593933686743815
5.787612276078064
5.662102253000424
5.709438378646178
5.766045362293428
3.5962406661544075
3.6582184485086087
1.599049864967502
5.687398896158762
3.706315454818184
1.5137339691155167
3.6134474988556438
3.671882102449123
5.747304611332806
3.679194022492445
1.5144681904502393
1.6106078423722838
1.5556976631469026
5.756564697930178
1.524972778951279
3.662110371965944
5.7656928460484105
3.591101249235839
1.5613845882817583
1.5613440736484234
3.6719069504952118
3.690312063689512
3.627630155705409
5.796663164468891
5.774757021071765
5.806161612001076
3.6752994562279904
5.8235561983281405
5.817052203911609
1.6128035112351733
3.6754193571000853
3.649524783230488
1.571235192578242
1.5551682199841255
5.697220609422823
3.5785074941907165
5.727577689959005
5.751316795398192
1.6072031164496683
3.619978992221078
5.684843400948947
3.6285970350527004
5.724978839464181
3.586713410825804
5.777451562690137
3.690207481889019
1.6187746551202649
3.652079908545826
3.6869580809649816
1.5180701269319448
1.5791380251195655
5.8311362910981686
1.6117810767565546
3.7232733000182963
5.787955954351179
5.72173094597442
3.607225763072101
5.719176002138133
3.7149524071257995
3.6580984509541405
1.6071277265856838
5.723960020050682
1.5719483000267123
1.5563564811082435
5.681706505863308
5.750252291062822
1.5711181205563607
5.818386100740373
5.702911222039853
3.6505422835009145
1.5657577690518036
1.5992900619476278
3.693453503964958
5.76686810061043
5.823816314934467
5.769780533243343
1.5293439976257468
3.6878313343221385
3.6856801071173733
1.5937863017617766
3.6660674291752944
5.73383592919342
1.6470767084974902
3.6492929565162884
3.6837468933321076
5.81071146656288
3.737315345740261
5.764741943627669
5.697669102409879
1.5926867127199147
1.5351864693936679
1.5705253352960562
3.6758630646889903
1.6128948591272496
1.5464599076446353
3.6890363981551597
1.5716480167152587
1.535876087756265
5.764946954070971
5.744536810448995
1.5929877364267835
3.626799305292173
3.60646692371165
1.5513009853164688
1.5288067464650128
3.6905390725314833
5.854617607650199
5.801259364912531
1.5549705469837432
1.641856564597075
3.7488799001533963
5.753804872767461
1.530367892949886
5.716639085953992
5.6560847420810365
1.5263098163114461
1.563438782912573
1.5296081567099735
3.63845926975073
1.5541345426688604
3.6570919722569704
3.603284040072465
1.544456636890101
5.6907664856887985
3.6275336250571044
5.751185625423883
3.6650192114021625
3.6558618215278686
5.810391088480577
5.74263839636881
5.740245893491709
1.5822200840632035
1.5677354522348441
3.6745223932922255
1.5701407140039831
1.5829829262989108
5.701504776813607
3.7054045764096455
1.5813801363934266
1.564068946624131
5.77457322814352
5.7805092888943825
1.5655365972830735
1.5856812126240203
3.6848949029565645
1.591288804829703
1.5484710706143399
5.734796309050176
5.791127354359199
1.4872282570959694
1.616847470494379
3.7251593714982514
1.5119771584458173
5.780576225216272
3.689336493527883
3.7519168271338295
1.4891234869570706
1.5398854967850633
3.598208001514093
3.667524319553404
3.590207455782534
5.730206870465732
3.705275771848393
3.6588883210607417
5.7290742127074505
3.7053751742470595
3.7116539990269666
5.76183023996987
1.5674291707399979
5.656483745405026
5.783456466519753
5.778069786599721
5.825177026762872
5.725069237867478
1.5420542015006702
1.548175485751098
1.556377137137336
3.6638776312138868
5.8006868497095585
3.721002729942181
1.578695987320434
5.800076345713253
1.5094413691690511
5.771014063069946
1.5817456620273496
5.764301476783216
5.720359363145999
1.6257953498678612
3.62542459703518
5.715103402866863
5.742240343362885
3.6709967431768353
5.719654383946197
1.5385962054725209
3.5673592500664295
3.713624585409787
1.5091816534204847
3.7532762080950004
5.81885188841268
5.771738103663505
1.575303943731896
5.72321396940882
1.5553808995595546
3.6628512240596764
1.5699959614296308
3.6727485052477222
5.726617139582507
3.7432918489404474
1.5272903591386022
1.561374811229734
3.6615363375240255
1.6502461223950182
1.6423391714867837
3.6607584830413114
3.677539904541543
3.6639347524398413
3.674240656046262
3.622680121266168
3.6784708614931256
3.695292810577262
1.4512844475651376
5.686683030472783
1.6259243735459752
3.698542787258249
5.7888217938484345
1.5803488566541448
5.7559274251079975
3.636461632878403
5.722028692000881
3.661340593423609
5.763859623298431
1.5462891650711121
1.6087398095192467
5.727752584694613
3.6851322491595786
5.736084580041543
3.6071835843777045
5.759929222785586
5.7825200714650595
1.5712855276884854
1.560581679617309
5.806343326378979
5.791922884651124
5.801196000339192
5.739899132439164
1.5954034369127017
3.5621666125202887
5.762602839863693
1.5476690282785914
5.724943913014039
3.6805867361389044
1.5757692471858924
3.6462884736583914
1.5327879983489274
5.690029706484608
1.5354194278216322
3.7440800351166033
3.6247064108489586
3.705334707795378
5.706950728539336
1.5012536880622909
3.6339893705239397
1.5533251053353347
1.5539572376033297
5.782378264728702
3.6210660669286145
3.7022514288246713
5.792586844446017
3.6563257513769933
3.649586507462623
1.59267530471451
3.665328582296813
1.556009416426587
5.767540720867434
3.6720363098129063
3.736434454519129
3.6546247240189693
1.5969196672638954
3.6671233204263
3.6359715344227577
5.734722820025191
3.6860935738932024
3.751417850659764
1.5462640725828567
3.6130293188165274
5.775595385032564
1.574964936370045
3.730130082431395
3.6666444116272663
1.5755669966360841
1.582975286020269
3.6998291909648495
1.5276257430659377
1.6295937992229899
3.6892264148169507
5.79021579816279
5.758967142727164
1.577927006493144
1.5737164612075125
1.5860431133517796
5.7433499303607025
5.791460549054738
1.5088170255080475
3.642415692402271
5.774442039549874
1.6004248301152768
1.632333400391396
1.6151636787984411
5.767865407728821
5.694649624686257
5.759907152292029
3.6776893210131423
