Run	A	B	C	C1	C2	C3	C4	C5	D	F	Energy
1	1.5708	1.5708	1.5708	0.5033	0.6668	0.1114	3.1641	1.5106	1.5708	6.1228	-3.8519
2	1.5708	1.5708	1.5708	0.5414	2.4528	5.2067	6.1948	3.7549	1.5708	5.4491	-3.8563
3	1.5708	1.5708	1.5708	4.7349	0.4020	0.8769	4.2350	1.6437	1.5708	5.2908	-3.8444
4	1.5708	1.5708	1.5708	0.4999	4.8543	4.2637	5.3170	3.5816	1.5708	6.0771	-3.8561
5	1.5708	1.5708	1.5708	0.5010	2.7863	2.1725	1.0714	1.4947	1.5708	6.1162	-3.8533
6	1.5708	1.5708	1.5708	0.4883	2.7900	4.2347	1.1304	3.5824	1.5708	3.9928	-3.8552
7	1.5708	1.5708	1.5708	2.6373	2.4803	0.9408	6.2820	1.6452	1.5708	3.2835	-3.8537
8	1.5708	1.5708	1.5708	4.7383	4.5781	3.0632	6.2097	1.6501	1.5708	3.3597	-3.8549
9	1.5708	1.5708	1.5708	0.5279	2.4932	5.1487	6.2505	1.6640	1.5708	1.1987	-3.8535
10	1.5708	1.5708	1.5708	2.5862	4.8820	0.0793	5.2839	5.6861	1.5708	1.9142	-3.8544
11	1.5708	1.5708	1.5708	0.5543	4.5409	3.0730	6.2095	5.8259	1.5708	5.4557	-3.8533
12	1.5708	1.5708	1.5708	4.6895	0.6737	2.1186	1.1590	1.4999	1.5708	6.0684	-3.8558
13	1.5708	1.5708	1.5708	0.5083	4.8613	4.2520	5.2821	3.5947	1.5708	4.0295	-3.8540
14	1.5708	1.5708	1.5708	0.5395	2.4752	5.1906	6.1855	3.7462	1.5708	5.4327	-3.8554
15	1.5708	1.5708	1.5708	2.5734	2.7619	2.2292	5.2519	1.4843	1.5708	1.9531	-3.8484
16	1.5708	1.5708	1.5708	2.5781	2.8027	2.0829	3.2791	1.5205	1.5708	1.8071	-3.8473
17	1.5708	1.5708	1.5708	4.7511	2.4519	3.0750	2.0444	5.8508	1.5708	5.4381	-3.8528
18	1.5708	1.5708	1.5708	4.7190	0.3928	5.1420	4.1632	5.8528	1.5708	5.4161	-3.8534
19	1.5708	1.5708	1.5708	2.6129	0.6783	2.2236	1.0464	3.5827	1.5708	1.9572	-3.8503
20	1.5708	1.5708	1.5708	0.5223	4.5702	1.0154	1.9948	5.8432	1.5708	1.2716	-3.8512
21	1.5708	1.5708	1.5708	4.7181	0.4031	3.0160	2.0707	3.7383	1.5708	1.1774	-3.8490
22	1.5708	1.5708	1.5708	4.6814	4.8442	2.1925	5.2657	5.6938	1.5708	1.9182	-3.8524
23	1.5708	1.5708	1.5708	0.5055	0.6886	2.1250	3.2277	3.5855	1.5708	6.0697	-3.8567
24	1.5708	1.5708	1.5708	0.5199	4.8381	2.1705	5.2774	1.4643	1.5708	3.9949	-3.8497
25	1.5708	1.5708	1.5708	0.5582	2.4653	3.0859	4.1096	5.8482	1.5708	5.4504	-3.8557
26	1.5708	1.5708	1.5708	0.4966	4.8589	4.2078	3.2795	5.6865	1.5708	1.8633	-3.8527
27	1.5708	1.5708	1.5708	4.7006	2.7850	0.0200	5.3226	3.5675	1.5708	1.9159	-3.8516
28	1.5708	1.5708	1.5708	0.5043	0.6889	4.1676	3.2584	1.4926	1.5708	1.8665	-3.8535
29	1.5708	1.5708	1.5708	2.6357	0.3975	0.9875	2.0313	3.7454	1.5708	1.2277	-3.8556
30	1.5708	1.5708	1.5708	0.5312	2.5267	0.9500	4.1564	3.7543	1.5708	3.2999	-3.8477
31	1.5708	1.5708	1.5708	4.6829	4.8750	4.2302	1.1180	5.6493	1.5708	4.0138	-3.8532
32	1.5708	1.5708	1.5708	0.5475	2.4837	0.9395	2.0747	3.7387	1.5708	1.2256	-3.8541
33	1.5708	1.5708	1.5708	0.4928	4.8552	2.0866	5.3551	1.5192	1.5708	1.8493	-3.8508
34	1.5708	1.5708	1.5708	0.4966	2.7676	2.1809	5.2820	1.4766	1.5708	4.0110	-3.8572
35	1.5708	1.5708	1.5708	2.6405	2.4935	5.1324	2.0726	1.6809	1.5708	3.2635	-3.8527
36	1.5708	1.5708	1.5708	0.5527	0.3772	0.9067	6.2821	1.6503	1.5708	1.1857	-3.8527
37	1.5708	1.5708	1.5708	4.7393	4.5617	5.2063	2.0405	3.7573	1.5708	3.3122	-3.8532
38	1.5708	1.5708	1.5708	2.5983	2.7394	4.3338	5.2324	3.5471	1.5708	4.0269	-3.8482
39	1.5708	1.5708	1.5708	4.6845	0.6756	2.1419	3.2370	5.6958	1.5708	6.0763	-3.8549
40	1.5708	1.5708	1.5708	2.5889	2.7467	0.0554	1.1104	5.6676	1.5708	6.1310	-3.8518
41	1.5708	1.5708	1.5708	2.5917	2.7838	6.2543	1.1791	3.6161	1.5708	3.8910	-3.8463
42	1.5708	1.5708	1.5708	0.5135	4.8532	0.0448	5.3220	5.6934	1.5708	3.9715	-3.8548
43	1.5708	1.5708	1.5708	0.5433	0.3556	3.0393	4.1791	1.6632	1.5708	3.2633	-3.8525
44	1.5708	1.5708	1.5708	0.5161	0.6790	0.0386	3.2744	1.4845	1.5708	3.9290	-3.8483
45	1.5708	1.5708	1.5708	4.6866	2.7683	4.2256	1.1546	5.6890	1.5708	3.9268	-3.8536
46	1.5708	1.5708	1.5708	2.6015	0.6600	2.1114	1.1581	5.6698	1.5708	1.8589	-3.8545
47	1.5708	1.5708	1.5708	0.5317	4.5898	1.0306	4.1185	5.8458	1.5708	5.4314	-3.8492
48	1.5708	1.5708	1.5708	2.6316	4.5651	0.9374	4.1554	3.7422	1.5708	1.2140	-3.8549
49	1.5708	1.5708	1.5708	4.7488	2.4070	3.1381	6.1231	3.7443	1.5708	3.4203	-3.8418
50	1.5708	1.5708	1.5708	2.6260	0.4049	3.0229	4.1735	1.6841	1.5708	3.2945	-3.8517
51	1.5708	1.5708	1.5708	0.5012	0.6725	2.1656	3.1898	1.4852	1.5708	1.9048	-3.8574
52	1.5708	1.5708	1.5708	2.6154	2.7501	2.0803	5.3435	1.5044	1.5708	1.8271	-3.8441
53	1.5708	1.5708	1.5708	0.5172	4.8505	4.2303	1.1599	5.6771	1.5708	6.0392	-3.8522
54	1.5708	1.5708	1.5708	4.6783	0.6946	2.1072	1.1919	1.4818	1.5708	3.9362	-3.8509
55	1.5708	1.5708	1.5708	0.5177	4.8324	0.1079	5.2467	3.5789	1.5708	4.0566	-3.8529
56	1.5708	1.5708	1.5708	4.7388	0.3685	5.1825	6.2157	3.7598	1.5708	1.2340	-3.8573
57	1.5708	1.5708	1.5708	0.5423	2.4319	1.0173	2.0121	1.6599	1.5708	1.2479	-3.8531
58	1.5708	1.5708	1.5708	4.7311	4.5755	5.1094	4.1668	5.8574	1.5708	5.3759	-3.8551
59	1.5708	1.5708	1.5708	0.5412	4.5793	0.9923	6.2370	5.8427	1.5708	3.3027	-3.8546
60	1.5708	1.5708	1.5708	2.6601	0.3622	0.9934	4.1335	3.7637	1.5708	3.2993	-3.8515
61	1.5708	1.5708	1.5708	2.5884	2.7860	0.1004	1.0361	1.4736	1.5708	1.9420	-3.8487
62	1.5708	1.5708	1.5708	0.4866	2.7955	4.1892	3.2592	5.6643	1.5708	6.0552	-3.8522
63	1.5708	1.5708	1.5708	0.5648	2.4472	5.2444	6.1795	3.7421	1.5708	3.3790	-3.8509
64	1.5708	1.5708	1.5708	0.5405	0.3727	0.9747	2.0666	5.8742	1.5708	3.2621	-3.8506
65	1.5708	1.5708	1.5708	2.5788	4.8785	0.0909	5.2914	1.4655	1.5708	4.0034	-3.8511
66	1.5708	1.5708	1.5708	0.4877	4.8583	2.2034	1.0976	5.6550	1.5708	1.9254	-3.8516
67	1.5708	1.5708	1.5708	0.5415	2.4710	0.9090	4.2014	1.6673	1.5708	3.2512	-3.8539
68	1.5708	1.5708	1.5708	0.4894	4.8414	0.0692	3.2138	3.5604	1.5708	6.1258	-3.8492
69	1.5708	1.5708	1.5708	4.6947	0.6586	4.3706	0.9889	1.4751	1.5708	6.2375	-3.8474
70	1.5708	1.5708	1.5708	0.4903	4.8703	0.0308	1.1733	3.6005	1.5708	3.9374	-3.8533
71	1.5708	1.5708	1.5708	4.7233	4.5604	0.9806	6.1841	3.7589	1.5708	3.3310	-3.8506
72	1.5708	1.5708	1.5708	2.6370	2.4747	5.1459	2.0263	1.6459	1.5708	5.4371	-3.8554
73	1.5708	1.5708	1.5708	2.6292	0.3950	5.0825	2.1335	3.7317	1.5708	5.3476	-3.8471
74	1.5708	1.5708	1.5708	4.7043	4.8579	2.2374	1.0465	5.6604	1.5708	4.0522	-3.8521
75	1.5708	1.5708	1.5708	0.5479	2.4806	5.1526	2.0093	3.7549	1.5708	1.2523	-3.8537
76	1.5708	1.5708	1.5708	4.7038	0.6503	4.3115	1.0121	3.5735	1.5708	4.0970	-3.8495
77	1.5708	1.5708	1.5708	0.5571	2.4375	1.0122	2.0402	1.6484	1.5708	3.3687	-3.8470
78	1.5708	1.5708	1.5708	2.6465	2.4692	0.9689	6.2128	1.6255	1.5708	5.4578	-3.8516
79	1.5708	1.5708	1.5708	0.5532	2.4423	3.1268	6.1934	1.6589	1.5708	1.2196	-3.8513
80	1.5708	1.5708	1.5708	0.5558	4.5487	3.1107	4.1077	5.8527	1.5708	1.2242	-3.8543
81	1.5708	1.5708	1.5708	0.5117	0.6463	2.1957	5.2834	3.6029	1.5708	1.8967	-3.8513
82	1.5708	1.5708	1.5708	0.5045	4.8308	4.3196	3.1441	1.4995	1.5708	6.1554	-3.8517
83	1.5708	1.5708	1.5708	4.7292	2.4668	5.1583	2.0269	5.8325	1.5708	1.2698	-3.8547
84	1.5708	1.5708	1.5708	2.6266	4.5591	3.0813	4.0823	3.7595	1.5708	1.2369	-3.8486
85	1.5708	1.5708	1.5708	4.7410	2.4511	0.9710	6.2667	1.6568	1.5708	5.3723	-3.8526
86	1.5708	1.5708	1.5708	2.5957	2.7480	0.0141	3.2670	5.6943	1.5708	1.8166	-3.8505
87	1.5708	1.5708	1.5708	2.6257	0.4012	5.1911	4.1325	1.6511	1.5708	1.2002	-3.8493
88	1.5708	1.5708	1.5708	4.7070	0.6513	0.1011	5.2653	1.5012	1.5708	4.0422	-3.8513
89	1.5708	1.5708	1.5708	4.6878	0.6769	4.2833	3.1650	3.5518	1.5708	4.0443	-3.8544
90	1.5708	1.5708	1.5708	0.4966	2.7459	0.1077	1.0716	3.5823	1.5708	6.1553	-3.8532
91	1.5708	1.5708	1.5708	0.5410	2.4902	5.1805	4.1191	5.8227	1.5708	3.3062	-3.8502
92	1.5708	1.5708	1.5708	0.5322	0.3711	5.1888	4.1127	3.7231	1.5708	3.3723	-3.8514
93	1.5708	1.5708	1.5708	2.5922	2.7609	2.0896	1.1545	3.6071	1.5708	1.8645	-3.8522
94	1.5708	1.5708	1.5708	4.7196	0.3806	0.9695	4.1591	5.8706	1.5708	3.3043	-3.8523
95	1.5708	1.5708	1.5708	4.6944	2.7985	2.0938	3.2543	1.4822	1.5708	1.8765	-3.8531
96	1.5708	1.5708	1.5708	2.6403	0.3796	3.0539	6.2394	3.7569	1.5708	1.2127	-3.8576
97	1.5708	1.5708	1.5708	2.6517	2.4906	5.1598	1.9889	3.7589	1.5708	5.4420	-3.8462
98	1.5708	1.5708	1.5708	0.5333	4.5694	3.0701	4.1396	5.8552	1.5708	1.2465	-3.8544
99	1.5708	1.5708	1.5708	4.7142	2.7411	4.3616	5.1935	5.6636	1.5708	1.9934	-3.8477
100	1.5708	1.5708	1.5708	0.5287	2.4931	5.1701	4.0809	1.6554	1.5708	3.3480	-3.8480
