0.04700432040741328
5.227150078706676
4.090057521289395
3.070045321962765
4.123447590236203
4.183535070793466
2.1048873277630906
3.1474547321338777
0.04904475515626356
4.158424970558034
2.1403138999026705
0.007793491438458311
3.169419861930825
3.140690098301592
5.1633254990266115
2.1037599141546526
4.952971433739816
4.209720666434291
2.0558250005988072
0.20153570066608434
1.0433044565383276
6.28279087373616
3.06251842348347
4.206815898589349
5.1623832914298236
0.03526393322947149
4.250656877831246
2.1832277736013816
1.0312138520506824
0.08500137323463788
2.135508718224272
0.22188891469384114
2.2014778117731333
5.259076956282384
4.197430839697133
5.098367224160549
5.2160338896667495
0.9653725350893447
2.1736466435862543
3.1734006545421938
6.282077182155685
4.210959606415993
6.21052360782179
6.236457396142728
4.142418488742848
2.0978066876624237
2.159787453397754
4.207357363636674
5.0980225039862095
1.0604513334710879
5.162928339079478
3.1120712476924317
2.1959343359853962
4.846977892487223
5.2842032125063465
3.1678098255058424
4.455178136502012
0.9791699339054984
5.2031035950155955
2.278184546413717
2.0773859000098103
0.01914961748751942
0.8711262236377859
0.1357122387684105
2.324784022670248
4.188206705888041
1.0765607940624173
4.181499218881842
2.1088173982872993
5.228143276210962
1.060714440627786
6.200029666949994
0.024943274692315498
2.278611828157841
0.2556288857857193
2.1546873804325544
4.101743978635846
2.126807687557256
5.316673908534229
4.106475899946751
3.121510204289941
4.260732434094526
6.202204323452692
3.0322528612398685
2.0548337537542958
2.197022787200678
4.150495743745373
1.0263848466529555
5.195606390581604
4.1991873352945746
5.162628391483455
3.0414435181530477
2.044105232322347
1.07263645778009
2.1309081491699557
4.230591109617545
3.1396584319955703
3.024789534745498
5.237345712439902
4.092642802574689
5.206603748343333
2.9810798459396866
4.274220287241274
4.188872700480982
0.05524046934326373
3.2524773462697953
0.9494168880858225
4.115910675737323
4.1848893366257975
6.276285035859355
5.302935150773289
3.08699569663129
4.25518768479591
1.0621025281543262
5.334043389808046
0.8617861021288491
4.313429520364354
3.0517093229196486
3.1145119284701033
0.019152019405073162
2.1663364728382537
6.160935296859607
4.234985916572785
2.122821291499449
5.280598869608451
4.189355932507109
0.10760823208971038
4.08625502629813
2.1916501134601356
2.233887086718014
2.1144249584636503
3.115624455586306
4.5633355472964565
0.01966795319850423
2.1017166425512204
2.0346675324403547
5.242579823600919
2.1941764200329734
5.125488358418158
0.8985562412857622
3.104410609735325
1.0731761009630079
4.255428878900251
5.34159275398193
0.03225779260678152
3.1649127614542216
0.20090672218093816
2.215458332514072
4.355067671376244
0.17355778841827418
0.0873141960390872
1.007514959580853
1.0892847545107043
2.116600648552689
5.148710530913318
2.1345328078028065
4.148890217812489
0.897608127862981
4.386000973925974
4.267727523105138
2.0133655162400133
3.287874144481149
4.11718389871159
3.169997823848034
3.1292440126388366
5.290763046873732
5.138269400808604
6.258649754089985
0.09551007695453775
3.112897299798999
2.098351421146869
5.111194113800574
6.241188718378067
1.0240958714360333
6.218130402950146
2.9976423450028507
2.176383428151887
4.161731387505291
5.274007991124042
5.130785486244785
4.216369036966329
4.224352858693236
3.0797150229548813
3.166647389190653
1.0659380034221286
5.252261612029896
5.196860711199053
5.177902358890572
0.04735310873869244
4.355610072684223
4.153961390872747
4.133718278641307
2.1688251487488013
2.2176100194119637
2.1206732195009197
3.0706448726890048
2.080308640439567
0.010672369636137269
0.0307346781165192
1.0575803196365758
0.902740009447387
1.996339750785733
3.1552029510479938
3.1163420540945896
1.0464561162885802
3.1959394958435117
0.9551080873443156
3.148934799062732
1.0317171259148399
2.2151130521128493
3.0439151439997536
3.108917216233988
3.063086513030951
4.154659944007674
4.2248864010669
2.146740982804263
3.228494578674331
1.9722341883569392
2.196490904584327
0.9908586988235983
3.0669019075236768
0.024219192325102945
1.918392076063316
5.296137389254108
4.085034066452356
2.118894987453064
2.022971383081638
4.157821187713226
3.1378859353963318
0.10938078038514151
6.172155219398273
1.0241635763773886
0.10172424373903677
5.2396552764922975
1.035242012669455
2.1999377389919905
4.182985590038996
3.0653315992801518
0.9704632335180756
1.1245240735783595
2.1348961403937676
2.991167332384406
2.0886560775190097
5.222944030102512
5.141365292589742
4.137337013114803
5.191747349387931
4.22118987279864
5.261545277489006
0.9545271164594857
5.240862681131487
5.274306635525898
0.9477790392962888
4.267463469127253
0.03341532562953642
3.1622195701625597
0.851042834433571
4.222068246680343
5.214736948984424
3.1298907558386726
4.269771323746075
2.204198846240396
4.253478921360514
1.9635233098952765
1.079739688427642
0.15177944589891795
1.0292668064590957
0.007153629508011683
3.126292435464314
1.1159345812129775
1.127041382376965
3.0535856837659017
0.1276702392647072
4.211266178970128
4.1701043918086045
1.1046435705897577
5.321147775663549
4.224938792022485
2.1312094927467227
3.1242140128211857
2.0351210412833725
4.178829711373432
5.067612799857415
3.0833725474402636
4.225783651972537
2.092095019958628
0.9761648224511574
0.2410668838364748
3.069685319866237
2.081384217469268
2.0736195635106918
5.276087749491814
4.294296090334191
1.1181518856436972
0.12605887990005232
1.0104668137535509
5.239680227780138
4.423053781809784
6.2423647301797685
6.19165068790436
0.9119352662920184
1.120554211699882
2.078662529050376
0.005786821337331119
1.1020711503427971
4.275489405594512
4.115354799059902
5.167546587107816
0.06885915163221984
0.0031747249917843945
1.0613118177853216
2.2635345490843237
4.27239837639748
0.03587028318273639
5.1457939213967085
5.280448009555752
6.248652242132538
5.289423251491528
2.045483632750377
0.9616626960919141
0.10935778316769826
1.13937935679664
0.18022354752551828
2.083374881427914
4.123197763723763
0.3827569405632797
4.958247743339828
5.252908455644344
5.122480561660828
0.9071371615554833
2.167242828023881
2.217150720105081
1.015185655147199
5.217683022261825
2.2922582395908515
3.0804154119251983
2.1209044477677987
3.0362988965796807
1.019238367629752
5.255112045585751
3.0425162848811254
5.272955749420703
2.98900515952722
2.214482585767758
5.224680621043912
2.037453123674372
5.192317154487209
3.1500734059075843
2.0317578363864692
2.093460623036891
2.1115884419379585
2.1961321256498008
4.321543787085216
5.129277433972172
0.012252699638109377
2.880095466338317
4.171381685867102
0.025594996903448575
4.181428817716385
1.0739327316202572
3.217704252714863
2.2026056961654152
5.300267273952569
0.9992648632488721
5.166480986578175
1.0401105511324718
4.248293334237064
3.2094968524800565
6.238466883616979
1.0007115399122046
1.038205686345763
5.084068637308498
6.208322607202259
0.09731593127460658
6.245678669129022
2.263215684742382
1.0529633863352628
2.0521452452931688
0.960492854119243
4.182595943569703
0.9538099633676256
1.054329199729
3.2063339216434636
3.0346519578702305
5.3481500083567095
0.004915039490560602
5.2233892456113935
3.1761434435849623
1.009760258607562
6.219875953466492
4.104075430317051
1.036292594790677
5.267389739612125
4.198124038429583
2.5173661788984574
3.14129411564589
2.9013037534224124
2.96161995619536
0.04153629710948654
4.193654972815001
3.0467448349512627
4.223856873840023
5.2960373984871065
3.079034393914197
4.265832754693963
4.148642653123644
0.10856937994583346
6.265174641571734
3.097235374016188
5.2855515863573
6.229411178610365
4.1600582289654495
1.0213544917497903
3.1598022896592024
2.208055728199062
1.1515913759019711
1.077159925594767
3.0317589987646367
1.040373418901546
5.246505806288558
2.9774509756045258
0.9658500055565731
5.224905598195117
0.08903394561728897
5.193208321777801
4.234264200152454
5.242425613085206
2.633599308755877
5.213178834270116
0.011878383226804345
5.312226179554009
3.1030783364139713
2.078784442518749
4.434874524956354
2.051641209921392
6.176990750304536
2.1307737938474256
6.181704959207437
4.214449580785019
4.37206479529332
1.1765752054770668
2.474887138642565
3.016491001878997
3.1839371123053857
4.231091221625226
4.5701864638991605
5.2251921285637355
2.9537288669333384
1.0153273071018711
5.096934086594592
0.09599793005804869
4.128118817933366
0.06006814387342758
6.282202977690387
4.223412142882489
0.13185691520920736
2.247286643840152
1.00865146905143
5.211022316424729
5.257007556808866
1.0662824160478606
6.24657953812379
6.274761386197573
1.914263416384851
4.178278852058459
4.294666209986313
2.0684025425405204
4.117718018246647
3.100039856077273
5.038363257376493
3.07250587324719
5.173433300447292
6.25694946987771
3.0992987775032073
4.430733413178509
6.260078792184965
0.755016514629095
5.245206291735982
3.2357316158548897
0.019644943260349393
2.121910931777481
4.985411712750143
2.996870201726393
4.137475374562813
0.1041992807875064
6.209182962700259
2.933196562878084
4.836916253573058
4.195170913510776
2.0667127496754136
5.082768240816207
1.0552715749063504
6.233867724495406
2.326546992767115
5.256109628721084
4.287168013202223
4.221863473675624
2.102502791280898
4.1768592725826625
3.0791914125993154
2.145127398547346
4.3023637095914555
4.296113924371771
0.4320261739215464
4.208963771138595
2.0946989403585428
5.244325004310472
5.1283307593914085
0.01247407023157443
2.0349129618919193
4.377960274551335
6.272016823305347
6.254809760098984
4.8274521067923795
4.104429061135864
5.004640626895499
0.019094906001720702
0.9736946112707392
3.1442091274245527
3.132334416222777
5.346650655813545
2.2789617529388124
1.0051685816571707
3.0902727099783096
1.1413902831621772
5.260792624740286
2.102119278456597
2.173643695719604
3.1836570292363717
3.059212386113759
4.214591174348854
2.1628936140777983
1.0255790735801493
4.546782427575673
4.2023614761429755
3.1714979506269536
2.173842249717513
3.198914843053044
6.166218866395295
0.03346771313855346
2.108910306293728
3.156289135791632
0.061826253538506966
1.0812622955453952
2.0096416872909244
5.216129650694913
1.0734516274103871
4.260072416568226
2.214587224430848
0.03749141925685557
2.059156010272881
3.1817996450058916
2.138341320558871
2.258399293682459
2.074266772454328
3.019237623819329
3.251046584225409
3.0065435711309356
5.183890994040529
2.2422904628701494
5.1511754515621
4.23591448330582
0.8951118661182464
5.147704665251088
2.1016591658467405
3.1277765644529345
3.1075818941885895
3.2976674677078197
2.166896744186769
3.1893539640189053
6.145652639804937
0.8718999261934424
4.214550110097109
3.0419286212626653
0.0020844470462222375
0.8989012273389738
3.0613418284572
4.891932030402618
5.107264060482184
0.9496796210252652
2.0056684408285643
5.218376303059481
4.184768640256207
4.140687565094642
3.0473340691685853
0.8767221112156578
4.334681947408645
3.1265313005832844
6.26546686255737
0.9505981315389973
0.8621362360456344
0.14478623499079185
3.1466254039450785
4.313355456735543
3.11663298943967
2.9814699638320485
2.1428500341068353
0.15863403514215937
2.946828811348405
3.104697331099512
6.211010625722292
2.0261574839812613
6.227651337565148
0.9394549079530123
0.7627155181880609
0.06129974920304223
5.362099378623403
6.262707539212812
4.217176782985623
2.065802451683719
0.04175337724807932
5.295941485291643
4.1308026965835145
6.19010718067971
5.255978382267349
3.0058403682383372
0.3705577828912205
1.0927528255838652
0.08969575645701236
3.089041382481637
3.1149492600164566
0.9805196596076011
3.049989058748537
3.0981366455096433
4.170517056861879
2.0068692382238
1.9396316736176655
2.209080761153441
3.136290225158405
4.196915527975656
4.135094128683859
4.2082783917703415
3.2100779027744335
4.2458853963173215
5.319222310834192
0.04127099915191087
0.03769905277902418
0.8823065528547602
4.132268485245016
2.06175034843978
0.020478075975294274
0.7220702802830885
5.001156155948455
5.118268991814263
2.121844069343415
2.091364554350664
3.1533242316250436
2.119154857680452
2.1483260563804416
5.289895726625477
3.0635237610909405
1.0670737892040985
5.222970199181689
2.010644608084959
0.25479274774527927
5.312846122667546
3.0318231940366056
4.192429969514327
6.244589568026606
4.115682856603038
1.1460303288836335
3.1568812446003593
5.277633861880748
0.033775228137136175
4.34088313790977
2.9464527067518556
4.197589378296074
5.118793343906532
2.040719555020874
3.145028243079715
0.09724405131244121
5.233716530237816
4.09197490086212
5.223843723068992
4.1545747648344316
3.2146919612858613
5.324272684169249
4.18069340546244
0.06119633616455241
3.1327952002928114
1.054260840419762
4.279767738446806
6.267630052132858
0.34713323414409164
2.076396991790759
5.243735133279628
3.049939656134755
2.1721132934296
3.086725654972477
0.016625761571257947
3.159402271582402
4.102228813269436
3.138855357257651
3.0991457984876614
5.2378903029661235
2.2489331129865873
0.014729395111074517
0.9973199425491956
3.1487062094516154
0.01957867034065508
2.0885166517367684
2.0528740700750743
4.262312205616253
3.115320231376656
6.202862239372888
4.199497285136225
0.9481525317236017
2.1179170414948287
4.14967180540219
1.1264263961373473
5.335270120569884
4.176695841164883
2.8532465969605325
3.092408160029199
5.282381570275257
2.1464778742823576
5.224750676147909
5.252730698329534
3.17138481906378
5.209095761864733
2.0728898666704008
0.0969694785627401
5.178865002393646
1.042233023582114
4.176427100465882
4.227967973073662
2.056132195123174
5.323977131602201
3.0813232086365825
0.2968742787201149
0.46924240054583843
5.285467225476305
5.323750591567107
6.228622761178485
6.245990000361091
0.9041671326416911
1.1365668896387986
3.1238345573929074
3.005418852195996
4.292979302147844
2.3520079243781087
3.0215940143501574
0.09361938297849007
6.230667657330261
2.933175518827085
2.1662091126061154
2.215681576676852
4.118817614869645
3.1179016235445234
4.336067398763952
4.268440558044032
4.3708436616224455
4.237441566936667
0.11584647404331813
4.266034840253178
5.19890735596228
4.177177233197625
5.351425140901885
5.289212896644677
4.273095739306553
3.1320469294008637
4.9904986364547455
0.8477148354572397
0.9532820486424349
0.9998961287649066
6.218040298493074
4.131207791126243
4.193703932256731
1.155308022902625
4.149778129035349
2.143913127257807
0.04004331491857411
1.018794586438943
3.096027723182332
0.997739247541932
0.1851891270820778
1.0962544523243876
4.159759342274668
0.02309396793967089
2.9186211117456544
3.2036282890899064
2.125846029240951
5.200435692749882
0.8335544911586257
0.10485216724902702
2.8259167241254377
1.1587398164659208
3.0588204487431243
0.9767807319916777
4.234488870921992
4.1742408442997165
4.156473302309951
2.1532495235677085
0.9499215939159671
0.1495630959758543
3.211248542938496
4.256741829537716
2.0152680879443268
5.194950559788492
4.166098648826369
3.1530000469089408
4.403038416978117
3.0408007761708404
5.221891485636901
3.0868739349224033
4.263846216855097
0.11171798474180394
4.1423169049485535
1.0339645350731055
6.259590548814175
2.0829608912216626
2.9784109017897706
5.134159094311345
2.180818311235715
5.145287451947269
2.0600285966191767
1.0031658189389048
0.0005050557934742628
2.9062022977637296
4.252166670675402
5.145559983742976
5.315115239516015
3.113230082063317
3.2304165637516857
5.328193623275022
2.2348378159508004
2.054770427423635
0.9953042274966191
1.0028085139364438
3.258224183112594
6.257968628710658
6.154511323862634
3.1029138726344865
0.21677046675964878
0.01237258666525154
2.1249454554485228
3.1874816463067748
4.174553446224061
4.371843414764558
5.218594467700424
3.1528361000017733
2.1785292179536193
1.075003245048512
2.093016068540333
4.184040817987859
5.203554178768118
0.27355391589933303
5.193787167904185
2.1439162348942404
5.085369387500637
2.365481227769978
4.221577343976583
2.008690227833089
4.198854119153648
3.093936165147443
2.3261041585866717
4.300043918583615
4.1643563640820895
5.211289505349993
3.014171391212335
1.9491541654385842
3.038125471493532
4.213110646828447
3.1448328868835342
5.18047587743452
5.223797543800344
0.01821430060038942
2.2884626223168683
3.2151443763724514
1.9970601406148107
4.175659300031662
2.221678416953523
3.16098410176621
3.057093595291576
2.063419342331243
2.0560617356632873
0.058222662970149185
3.1606825172988415
0.12144250835272205
0.012862534422326988
2.0571832918165316
3.2032815011891493
0.8830298673582617
5.079076689917222
2.2472268270371525
5.296630673658076
5.241471640753531
4.190097085371118
5.256051310272915
5.272866339887156
4.405187678937529
3.076144082631964
3.1869136063750427
2.993344063255608
5.382486944033716
4.204550344458361
4.187629689872052
1.0142835176473513
3.100611124965135
1.0848598785344334
2.27555605056778
1.0285001193574368
4.241510258144548
4.147392318460627
5.213456539444311
2.0567029789753226
2.1152531464033006
2.1760824935762564
2.1094354623623386
4.17019611076018
4.068417721197993
4.231769229736547
4.07117309551399
4.173191828531107
2.996459708706015
3.1122034692951006
3.0559910869370617
3.1110367287908645
6.1968517896335795
1.0784131482450285
0.14262900240024814
1.0779349019673057
0.3781244816464969
5.103396913062876
1.0986133899851147
1.1253546089919322
1.0893276903466664
2.2634297738858775
0.9826797671011567
5.2282635291762825
0.1094003927093595
5.246138823181739
2.9618256536156804
3.012210122704031
0.9276652729882384
3.1069061840084933
0.03515057837249586
4.2730066161576055
1.1289043528260072
5.062167694215565
4.237686803703002
1.0390654758137337
6.227966790159934
2.251597954994572
6.267898907255026
0.03274356091417552
4.20688707465928
0.05823193130753563
1.1083581418925497
0.025088038286018133
3.122746372401069
3.096875188845447
4.124791663591221
0.7789868478605335
2.063706581997652
1.0978479515603867
0.9845957851996139
5.278499013080812
2.087049651723396
1.0542316152474807
0.11984534408550238
3.0917088642011255
5.183273228547778
0.8655077149099712
4.1142514868261
0.11075327813667477
5.099140589529127
5.170454901597943
0.1257544433049794
5.250322385511158
1.0134702748399995
2.1203649732585044
0.07463126004688539
4.229676436843441
4.319754962375474
0.10713915921210615
1.081050290489932
1.1865373817624403
3.024624075974162
5.12554992020321
2.278508038469563
6.272170229342813
5.2109199516067966
4.2541374850942715
0.036879855117077885
0.0414722139299832
0.20564867630297562
5.245685696961659
5.242339400294606
6.268420742783032
4.178942931590618
1.0569985110763396
5.127700116764203
0.02645766473372202
2.1127603938633217
2.0972254375297483
1.0561946385242305
2.9905841648682214
4.198741786613974
2.058279039315612
3.0861266605228215
0.05478174982023059
1.0991512649194672
2.105911775221407
5.07510468435474
5.225046169453319
2.180912074618215
5.226250359738149
0.025888729902825425
4.300254451048538
2.119774214172384
2.09767280481439
4.670180506597829
1.1106476958160507
2.212258583271517
2.2278233293295258
4.173622361145381
0.9715331051606595
4.2284555310980965
1.0629882153854961
3.1455979747348293
5.226813084659076
0.06424496032844512
2.1306677734600203
3.0678336974411535
2.159526196548189
4.156642225944371
4.160112775291657
5.240767527833642
6.203667783229949
4.2392180239310955
4.054553697122537
5.300675307378107
3.174749933860052
3.248303238785546
1.0245168035576562
3.1408255964630736
2.1867916399290532
4.157437194135138
6.164900790112008
0.9674549075197614
5.15784194224592
1.1588082176845187
3.105480279586526
0.1982738120669716
3.067296283555091
3.175009387102409
2.9651632646916792
4.163324865578654
3.0988990663050457
1.144785799397682
4.975151666211812
3.026600597499133
2.093943097693959
3.1964150142071825
0.1007167270442525
4.187474195456316
4.228322230733069
5.224295928119203
0.11189209680617063
3.108452838022833
4.105685633173716
2.1214745348191855
5.304657787739285
1.0996422218877537
4.284267776936648
6.172557133650849
2.1938516254455607
2.1370056183082387
5.1710749129616245
5.137739582067642
2.2810123192556238
0.8186728605146871
0.008521267629950202
4.200371686460871
3.0972824566412966
0.013349889829304296
2.0405397333629822
3.006994940179563
1.0200859672055391
4.432546288616389
3.185555490531296
1.034875614370446
0.7644899274836756
5.110370653404419
2.0649406129662964
3.048788257600921
1.0934156356263491
5.226837951305973
3.1021192818377004
6.263402882009433
4.229335652074867
2.14820468251936
0.9789102303588946
4.36392417786264
2.216585894460243
4.232838785396344
2.2033552798540987
4.245570939763824
0.10815092334727203
0.07282576312348157
4.170683409198139
2.0644048211931123
3.102571943618018
0.9054458747026275
4.135284716216967
3.2157283855957304
0.09734899684300208
0.9919382439598314
0.15868192416440846
4.279187333056875
1.0450514015635313
6.234915631052168
1.061485995340464
0.010419465117362137
1.1695771003251418
5.263991501182711
3.180043629449404
0.9404995682957276
1.9745371942781693
2.1058333865406493
5.041017714538395
4.210923397221498
3.0895999381764034
1.0076417115088052
4.168396721487485
5.23925973478957
5.039423673426548
5.2798395262295905
6.271686301183176
2.189171107907567
1.0759892663332895
2.0822451667861794
0.9669242480684679
1.0542397583001186
4.194342442014495
5.313324395977563
0.5514166124295509
2.1489515147006353
2.1726133759823574
3.1810890723754985
5.1117926155111
0.05214125241483055
0.5432693589071842
3.1294067768317184
0.7809617975920622
3.1496610510725107
6.268244699537421
2.110637437413659
6.273204178972617
4.150559167779402
5.3670236167811085
1.9952851919880192
4.169656584045805
2.8557953631373856
5.238071131758236
4.112216320738281
3.1950434983865343
5.240961009266523
3.022357211095476
4.819485745414435
4.160785890888245
3.1612059220651583
2.9350391003783556
0.9437027143273613
5.239121146453434
4.220387042842921
2.074696733982489
2.984858270127352
1.9911697930559131
0.14031321740835237
3.1896608939603652
1.0469297986600938
5.066689895299484
2.7914969348192535
6.272472350260664
2.101578307233714
0.0763726724954167
4.253193852429571
3.0862432927882657
6.266939897487123
2.084751819827545
4.18438390306405
1.1610157948052038
6.273924128385902
4.227428609990366
6.26151373900752
0.987714580456579
4.270926024959688
0.04777088638059763
3.2824313140842176
5.25929197698402
3.036176542759869
5.128867194603037
1.1819711221156006
4.096960006343156
4.288084249514246
3.141208941387196
1.0969549229319084
1.2111778400438518
1.0145928753661653
3.027110512547499
3.2813662150088034
1.0878028607876282
0.010592683181438467
5.119659575949822
5.176275566008782
1.9722384120198324
0.06969762248413897
5.134229917642589
4.306451703410008
3.179335253620671
5.2941931035521135
6.27829577440551
5.258542861810084
1.075875780926322
4.092243605905823
4.275711404860762
6.277842546112929
2.180730672515089
5.06840589888122
3.1497639253283554
0.20764171379351842
2.0041285749677273
2.0928951333472208
1.0348717174609736
5.173213814936728
5.1007381518552
4.1962386293297715
4.093472209940392
4.251649230915207
1.00827521510596
5.239515789192288
3.1274435369857545
2.066773601416394
4.187664638026913
4.528266803140129
0.948365350343392
3.0520926828884973
5.328638173255617
3.031499436950929
4.078784379613694
5.237867026362677
5.20983921790345
0.07909673218009408
4.122952462314945
4.127074436598974
5.186883219322436
5.2487313322492675
4.352717542062077
5.18190480535152
0.07892794157649599
1.023138043590445
5.21666790325298
6.277211341045627
2.2721487657749804
2.120733684467038
4.186255454866084
3.240560751997065
2.1790076462114283
1.0194202359101596
3.0968097679511617
0.15974360311382158
1.112927494537928
0.0233788409056217
5.23622539524687
3.1790021849961607
4.2102522386681835
0.026478294708459416
3.175559815700474
3.1332204859545594
1.037689682470943
4.268102666067954
5.295746288423603
3.160160819777013
0.02511910439521081
4.239981825026013
5.115842493688405
2.0521273165116303
4.224251528491016
4.198753086479255
2.0358229415937803
4.096750668332239
0.028808974647114738
0.057705030837780176
4.320064720424221
1.0427919710801248
2.0545173736402553
0.08084360284433059
3.0425597145673144
2.9384855214501973
5.128771713713924
0.0003979391033741564
5.043887640546824
5.336440020150815
6.213203656407881
0.15808780986966278
2.03090595635397
5.1238540485529676
2.2475455305444494
0.16564239589580138
4.301589180136841
6.189681550546692
2.008460777133295
2.2093331589318077
4.297063801814246
0.9641928869777985
2.15310612109564
4.132083124985303
3.098223922745105
4.2098961563626425
5.039566104656048
2.0582304694158364
2.099025289470038
5.239676647306676
3.154484371908515
3.1926435470078722
2.115213064958055
0.0005034221669006911
0.4630462112169734
5.286171807391215
1.0351522849971955
5.112553744934228
5.260784126174189
0.9818091420328834
0.9718144005761602
4.232192001978205
4.3119221523842395
1.1072884977156552
2.1824976759738686
3.1197507153278607
5.142060449432326
0.13608493346262068
4.275530174422103
0.04955469346952631
2.1642932993284183
4.240760345314412
2.1828089293286017
6.2552934695707645
4.915042044679055
3.1179248827405237
1.0053064897995023
2.1663003973769235
5.05605210766566
1.1074316844222016
5.193551646317832
0.8057824266426934
2.2357142627435547
5.10366135120015
4.198128504064724
0.7939011648559675
4.186301990580671
1.0522562367194426
1.963505877341209
4.164454438405871
5.101849016656088
1.0709477553922346
6.193691792354072
0.08370441324807301
4.203208407385868
2.106480824646113
6.216754984414185
2.082682163608027
6.236730544900122
0.9969120537894132
3.094433495237297
5.287358682409362
3.099709540509082
0.061956172205882294
6.210991732124633
1.0561092158283278
1.0299355630002711
1.1177762450901148
2.1229961561558905
4.762805165988923
2.9605449561615527
2.1025566894514673
3.1057590922260467
3.0706567320544087
3.2160032378174703
0.06565495795412118
3.062504318233066
3.027147950596567
0.04616814735209692
2.0869391231291066
4.114044257598068
0.08574776545118813
6.241978498537393
0.0626303062789923
0.084342667021444
0.7596543928529118
2.083342266445668
1.0073222516586526
1.0897392903218281
4.198752480672771
4.2253693013260785
4.1769815650969715
5.160023795136108
2.229865581807795
1.0104266010047942
5.253034370400456
4.184871232316861
4.317697614022818
0.13873839139495142
6.213592202034405
4.132612291794965
0.15167671161686236
0.021115603619621837
3.017772399977669
3.0169865209221136
6.276798463696531
6.27820285204505
3.027181622193711
4.230875754900888
0.9777373970833958
0.05190559371930754
6.212097400730109
5.264859766172809
1.0602313284878604
0.0768748084838328
5.057549490857566
4.416682785291229
6.23964243043997
2.9255201252979623
0.1294534452821313
1.936342212677852
3.105412743164889
5.136402611167307
6.1309393758675235
1.0776164617243982
3.007675300611999
2.1590224451081146
4.23036289824341
2.1541576834659515
5.139812739018372
4.166140509687444
0.057723991290600414
4.164984916109845
5.228479493263757
2.127002160808279
2.1459618663108886
2.1994024755489106
4.175781896454084
1.019409578035766
4.228087870182175
4.232826797724617
2.0808225587409708
3.0461235301617346
0.7852325041297648
0.8924709960690744
1.0963569646814455
5.222608426840291
2.2647735319539186
5.157580179989501
2.2764492857149463
3.0733603840758073
3.131178987621443
3.1899103058503884
3.1567984449188153
5.359169753052197
0.9657420372585632
0.03944906137946932
4.405184991678277
0.8954808767129443
4.281703966079651
3.0700947051959724
4.27269126442504
4.152376407488636
4.280951780949556
2.0180597008838466
5.153440876415121
3.1680248690556385
0.12506102137675187
6.167109041030735
3.1884651130277444
5.15338362057418
2.107366538638519
4.252772685199616
0.8598309155460635
6.218448142987444
3.0790931511746797
1.0699347160652721
5.238087421074013
2.2051209996529244
4.115924154005856
2.027275166389232
4.4165878949195125
2.109833762840143
3.1479565004774925
4.302340662476977
0.07099268077245738
6.259085676147751
1.0267908453609038
4.266883384358058
4.125981587807233
3.297153483920669
1.1471920186063715
2.120429204360942
1.006207403072673
4.169053902983101
3.077501561159593
0.14895288243191357
4.230610141729297
5.203010059754452
4.333789453074436
5.211182100961292
3.184163394437888
0.35764850206556925
0.856725329464241
2.066364347637603
2.0007834383160215
0.017108774823798356
1.9831436687227706
2.130323849023163
5.288307369649809
0.05382446207692521
0.1359640917105625
1.1068988909255613
0.944432880467053
5.287044956352386
2.122386290258416
5.223073532605691
4.293951169141807
0.07644459370928561
3.144279688581085
0.062445890477127446
3.1739747946598342
6.221634632338583
2.0708738721517665
3.1077435714608947
1.0780284007770908
5.282992147493501
6.266901049563427
0.1470010573364691
0.21151701846298526
0.06679610896172011
0.21567746366614288
0.8747612179851783
2.0463431067995623
3.0847043304887047
5.199537730932849
3.13095332513153
0.9604419640314763
1.132288338103531
5.081443225201175
2.2095501312201278
5.235739729211294
2.110336916638776
3.0722262566842398
4.1629988519056615
2.171694016288909
0.9165257094787123
2.0102208943080035
3.075448131066342
0.3459522590994934
4.159570171907428
5.082601028181415
4.123009573861137
3.2564796062877415
0.9599998609918843
4.841093091137552
5.299001115769179
1.9966679403390262
2.118287727971921
4.208794214276189
3.0994793306095856
2.083975514488685
1.1101467233253595
5.137431103975653
4.261741488771122
1.0241152221293897
5.2048707691488865
5.063525833442152
4.136918794972334
5.081272630892101
5.208564825773323
0.016664783157354535
5.300232707462996
6.236441214349854
5.236734082648483
2.0603669226833796
4.185316155100319
2.974597684130736
5.189748787575575
0.9679113419103353
4.269898487056986
0.9237855560938384
6.229023189751946
4.099183118776511
2.112089133704383
0.9902637352435846
5.275292691538557
0.06470238893024
2.2450699412609514
6.188978081013256
0.31810421083760987
3.1168261685183554
3.0423480682350723
5.1900448391876
0.922986301149832
5.178078106835826
5.2239757319123665
2.0557986777986677
0.9889555667824761
0.03252449131662072
0.9214963388444588
0.0279272178270924
2.077013993784709
0.8388803641452518
4.302438085457614
3.1205623740142707
0.8693896633677003
4.1922309923907894
4.156072025047286
5.238691726357193
3.156979005385043
0.02003381650379943
3.1417636567805505
5.1349495159296445
5.253322860384564
4.3618571014164935
3.0959918304241816
6.2825124675481305
5.182558979596724
4.20948661408769
1.1341276121806791
4.342913124887074
1.1662336613051456
2.0972182942616313
1.0972235284720075
4.21451611052104
3.1603192670971314
3.15104025454838
3.0567861381696715
2.100396490527259
0.07451163258862784
0.09604161854729476
0.9605909944832889
5.218193034231675
6.245366236361234
0.1009061116015636
4.187175201172242
0.014464536933466832
2.965754879623251
5.270452000475873
4.3268627427209045
0.10981230964816321
0.10703056806414621
4.271093237229542
5.077464813941581
3.1901625417868593
4.110858814427664
0.8922825611003824
4.353700990383143
1.0752179503713373
5.217645819483301
2.09742028362491
4.170984778389962
0.9038365145617737
4.148882507516402
0.08992167253140507
3.193429928127448
0.1367719989195087
4.314211191898583
0.11587437402463449
3.092158660562315
1.0534280876274353
3.075613933998174
0.9558197516613018
2.107898134994527
6.17059576210266
4.322176324076523
0.04409877785457667
0.9325432994122433
2.115879546676615
4.277514993043136
4.180696562224852
6.207193002900251
4.302671823997228
0.09704628487650252
1.064064744019134
5.248579392788699
5.227961085497785
3.1079903414212473
2.9778149898778876
0.06893676410797184
6.129976703994615
2.048408602674471
5.2353677175966835
4.100867656639903
2.099303132164382
5.226540958466982
2.0750684098413585
5.1646233326622095
0.8395068761046567
3.0909685860904954
3.201434872458313
5.306203773311396
2.5871819384834276
2.138242687910851
5.047706653749305
3.1484014664636835
3.1263967911877084
4.227355172781782
1.0878060392167754
2.161106797969573
3.1246439252312714
0.9599720181399378
6.223252471915577
6.251444454338608
0.06656434792455851
5.204957758409501
0.17959538312025833
4.32285096229699
1.0508994459872896
4.320514987555448
4.135317714631864
4.171495311281581
6.2248457393166055
2.6128597643554667
4.22715935478724
0.9765735911818991
5.23299734293249
5.231831388044288
4.334449515772235
4.177212056207003
5.310834491404065
3.020168055148705
2.1562408933295187
0.01561450976308
2.293410478415135
5.287012918610462
3.168696622131341
3.0248760801745527
2.008369544189242
4.366170958382212
3.188309106737824
0.19957347571149173
2.163596161802219
0.002638455766525105
1.068041242120882
5.282583042131194
4.418275123739374
4.151543081538455
6.223113656296348
0.003976391847455615
3.076512243197954
5.075686023002535
3.046108935405532
6.246085808951871
1.9943173104915441
2.081775705744516
3.117629070307475
0.07316887789231333
5.306543391004605
3.179344264647736
2.179601346634329
4.253251100862954
2.1496517799753554
4.103908750961496
3.061409902379279
5.160685044898299
4.12148804834443
4.261371939290811
4.226008941303632
4.260766062056985
3.0084104498490554
2.1091000322599767
4.262680972412117
4.26636010278112
3.073478058101675
0.9253862593713971
5.178127679430731
3.2114658809620615
4.357911665741932
4.441869065912274
0.8713423052933573
0.02484492623359902
2.1411200246693167
2.1548136130932045
0.09619202925467446
0.8256902650052484
1.101548925147623
3.0976339638630304
2.1848588866717855
1.0554242218745584
4.2466315163359
2.1461049696369656
5.22256666655803
5.290418138334582
1.054250114254287
5.242082660667548
1.087066078593639
2.1909397918202003
5.276839992737772
4.2891391910216345
3.140517737365879
2.184922663818167
2.0054531149981263
5.119116079922292
3.189109542436771
4.230943639750057
4.277591024499796
5.175471986867165
3.111164560310747
0.9393661850876045
3.059719293430856
0.04928492877349685
2.0043662488903045
5.162928798284413
1.0809445466056955
4.226721903952652
2.9558482291139088
5.11251999500346
4.249788440387275
0.10272221348151145
1.0404657158542316
5.211234926731023
0.15747456582882158
5.279071655619976
0.9426610893802865
1.0236813591468346
3.3017846721234365
6.256930764806717
4.2319227138259565
5.1511347948627995
4.310196373644207
3.0870825261259194
5.184642818840512
3.1961621193146112
6.257665226632628
3.149378366238108
4.380752492438499
0.07937364650132386
0.07669298305659794
5.1528070511960715
5.225457063986108
0.05789618910968692
3.211950434570984
3.0623280654239826
2.2203881742415903
5.213238543710313
4.2862179472045465
6.247845734288935
0.023355792161733113
6.2523618524213695
0.08936118735018529
4.176750930195548
6.245059391869473
0.0795617768621594
3.1778326091482314
6.213914899954361
6.233513901186141
5.150218650416015
5.094955972513948
0.05193432941170557
0.9448653360921813
4.182641579227131
5.181083986519845
2.1253862306783717
6.230530331742821
0.027468574261031442
2.1438053858820414
3.138473292690239
3.106055153338177
0.8611462555217702
4.1704641591948866
4.173107540395778
6.202220638039823
2.2166517593042143
1.9968854120050685
0.07246475884361464
0.02374087658983015
1.0963896748647708
1.0242465079516596
0.01246525524557196
2.1020405447058197
3.1374587640201836
2.1249604127353927
5.137341304343082
1.0502599758937294
2.0592431137682956
2.985432300469547
4.1326742813007575
5.326532250094153
1.1244986722334582
1.010210784288898
1.026773026694843
2.1465166373170006
1.0406632281805854
4.491873333612209
2.863296749913321
5.280247642556246
4.278088874538669
4.204553787740792
6.205812950212917
5.083283425953942
5.0788477951087785
3.1914425230547496
1.1014766561021392
1.0056643510209997
0.09459223333395522
1.0863869862480149
6.235313126538284
4.120456173634743
4.1766105144518075
0.9533286029669088
4.093777369007392
5.036002060933734
0.13390429217632988
0.1057343777471077
0.10170819424298194
5.1682799478792125
2.2773955454338655
4.1423314850081185
4.20157602974687
2.2278447173090115
4.2289188369042385
5.242281212635625
1.0413915734502146
5.215839824554771
2.9198579946918066
2.0988314730932585
3.1477979899147153
1.0623753839386747
2.1067179232605437
5.195974598803654
2.116624222306148
1.1941416353743233
2.812797408390079
2.1294805206068137
4.228482295165013
3.136059478208398
4.303797194818988
3.0108873926658446
2.109157383964336
1.0214296233485407
0.977548220671085
4.206038332090948
4.275533468039242
0.025522483123702422
0.8003660688036538
0.000347188112651331
4.356633887048198
1.0786502443658144
2.075115938897686
2.228583909735582
5.26297572388497
5.311600415936219
5.269828450603609
1.0827225371377176
2.1195753914898177
1.0520753521181816
1.0099419715546958
2.3073223627255905
3.1400456101966108
2.0462278258447193
2.079095499414088
3.1937193995858166
2.285801103160855
4.03395193857962
2.125592150759712
6.2801866613375
0.9091895682142788
4.120743842437978
4.195357579326064
2.0994021054563077
3.1641209843971976
0.07447767087117443
4.131042354870926
5.173274373450664
0.02385452927378573
3.1525219696154045
0.08984632469603851
5.327600277931802
0.8337758376087387
4.19856534607983
4.240746846512046
5.113835094297014
3.0752116282190882
2.0133275923678546
2.4252380082269402
1.0182084999959584
5.272786725960777
1.0331469548834284
2.1094960635708193
5.196123181027941
0.9139009828332405
3.198189027591891
5.3459854258605795
1.0360840581711954
0.9646127755710949
2.309087620102817
0.14096481262868804
3.029640676133853
0.9823423966906222
5.117313050093826
3.1143511286174768
5.155030572703694
2.1646786947076615
3.166252811067042
1.1885334445937632
2.11047544576561
3.191840408686575
1.0825572463449444
0.08150680268447444
0.8885545058722755
0.9950616030942387
3.0440931537909597
5.149189123207368
2.141480919505098
2.394847049568488
2.0528850797257827
5.241354318243288
1.1503434737337324
2.15912573001119
4.2079020358496635
0.01797921622522307
5.368663664639026
1.0114083487268235
2.0478293984771305
0.04354705699326499
5.110222236859828
1.004151880855325
3.153542475685874
4.308148255530783
0.9879168895502257
3.075327305092497
4.159375263749567
4.372158911610725
0.952576225420966
1.0394288114741215
5.212720829484029
0.9631520253771777
0.3091987474203636
3.078845664620461
1.0871979571860138
0.8716781166249392
2.0054690150510663
1.1465167864435548
0.014225978517187876
4.150836440122076
4.120794410703299
2.092833517926944
4.259456244296898
4.103016405542114
5.302386720184869
0.03277303398554032
2.1544683312110013
5.284891696719544
5.227349450334438
2.0221088771119113
3.0490734238171067
2.010658593790535
0.9839756175186414
2.014755363468124
0.08857913314215254
3.1295992478192125
1.0047774590792733
1.0955613977165688
0.17919484729378185
5.294184260578649
5.04425136365912
3.0946088824176137
6.264529935134664
3.011523094098203
6.223505149170033
2.1118121748941503
4.075926128142903
5.166067534929565
0.9508390794385515
0.02632625151308511
0.917939771410262
6.251000652003271
1.202797481335458
3.189875082540479
6.243775859490312
3.1226006610165102
5.2486097578435595
3.1851408039753286
5.017904311659539
4.984275889981208
0.01834157873363207
1.1024157815152822
3.06277830659209
0.8728967915026122
1.027726949234237
0.134958033628019
4.192251250741694
4.196267127601653
2.5633467314942218
1.0389597459815956
3.177076546256051
2.1433110643756375
0.9103515632006944
6.184943068065587
5.220023322155932
3.1850474691531017
3.1126247405655336
0.05385559486168962
4.083480772808927
1.0918538923965988
5.223321873328933
6.225945970881153
0.9635702351833557
2.0936594022307387
0.007464840527534378
5.207065629900072
4.281523193706105
4.5472154969262375
5.245410479213415
1.1143404154142325
2.095483937879798
5.104294494216573
4.280694224935584
2.3123264678330036
4.174587582547569
4.176728724783028
5.215666586964381
0.07615671876071231
0.047036740995285424
5.221412001047826
5.348626071590563
1.100054534936147
2.116935257717207
3.2205365494198275
2.1461594344697383
6.257360094679522
4.243431261858539
0.18188553390740056
4.163271883474227
2.1675771225845186
3.096936797769815
2.2069933987897583
6.265102036183489
3.115441927238977
0.9972317443208631
0.16112552390986926
2.0866095563600844
4.098336390802194
6.207312195916818
0.01981136721302068
1.937986696860151
0.9892151368387534
2.1239535637182367
1.1794045286052408
1.1386264197897373
1.008533807604979
6.269637231813836
1.9716658840510868
2.9709082005730303
4.2934714787446335
4.259569207124257
2.31164740362597
1.04196328869274
5.208454363473846
2.1567596724891005
2.0913148110763395
0.05015730896313237
4.232238430057838
5.311829753326208
1.1009307326704842
4.193529667379995
1.1118481128019426
5.269048265286693
5.351278391203946
1.0665638804554034
1.1037030875832337
0.010363046111867127
1.075620847667179
2.2334906866775506
2.1622884281971184
3.1020443609748423
0.1045456555129779
2.05127761412303
5.183756143474722
4.104970279269601
1.1344239647815402
3.0365221438817365
4.199845018933418
2.194576949919664
3.0729518596655616
1.015295938950157
3.109171897779592
4.2320909995342575
4.2372402543361485
3.032394313204884
4.265271186284189
2.1876399634331456
5.082047007569216
2.1402342130842973
0.9806088458305804
0.11090229949323435
2.1009052837592006
4.1689755781400315
2.2688755328482046
3.1254117082214457
2.1138881597362027
4.29693228387839
2.163331979525464
4.076954494393662
2.103074847945287
2.192082298011279
5.350041092627178
4.2375399454832205
3.029206963013049
1.0043263177016275
6.188112726314374
1.1101198749576136
4.088686579120633
6.199562763998142
2.9798164967834175
3.1869384404745813
5.3011728695535005
0.07144148028464764
2.319619024393926
4.239316247944643
5.165576630712177
2.1025883730131727
3.1383354737039713
2.156600129374988
4.149490360455286
2.2162479338132526
3.104852160667977
3.1463334057024723
1.0447998877983249
1.0741285186193474
2.994581942047327
0.9288916966468395
0.9145945241531046
1.0211047214646567
5.331995461771517
5.23534940751704
0.15131269145654683
1.0382381651869852
3.062636622581927
2.1472931346225477
4.243690524079052
1.1565578968884072
5.355100369358525
4.498937566908622
4.291500281165203
1.0259341999742995
1.0046189443230018
0.03765982212567338
2.2099055184881777
4.1171740900439335
4.231383285328402
2.0470136728295625
3.1248234621586555
4.099798591095046
0.12237291114202917
5.191613280615298
1.0008453028608952
3.1951785537695185
2.1012838286164626
3.138307904629512
4.158254290262561
3.1364095573909765
0.9905165688115507
4.100168707355119
2.1019869965804796
4.210076450314519
5.285508243963973
2.0612318516278325
3.1438372237982724
4.19253522108665
1.9929146717093902
4.172693862135757
1.0473601877923544
1.1035428909537743
3.0123060808347466
6.216206815114693
1.067747952835152
1.0204178448184167
5.238044789762182
3.126044640821732
4.183984045479937
1.1031678772615943
4.331926396736505
1.0733142137761862
4.2181295781981385
1.0538116537376614
3.056792635672967
6.24243790144212
6.179429523940686
1.1223230832801203
3.2126390282411075
3.150566062294454
4.153839484824647
0.8119380971290504
3.165691442142133
2.9874766690775463
0.9070483141734713
1.0398402924905161
6.219267704838901
3.0636595649686096
5.128725825027506
5.240901724810411
4.311345021887158
6.257375026517212
4.372807762904927
0.22054023068722345
4.225323563599718
0.11654766386547996
1.021802920047964
6.199949091778012
2.1587068198195065
0.9668420448272443
4.295758458698306
3.0021003469410803
5.171325297428519
2.1434151146399487
4.886519735566284
2.164650088226601
3.1020304593632693
0.241841953034848
1.9584495092313823
0.7732723247903507
5.21502816726246
1.084588529979278
0.8343037676115841
2.196486745195439
2.115623856494441
4.178018400876901
0.038200197076462904
0.021420309187515627
1.0725146960593868
6.22026881028647
2.041836490809726
1.1341566340450724
4.128617455358813
2.6971986227870524
4.330841505183536
4.259175394491385
4.295840083784147
0.11612979286305455
3.135031856696293
0.9268373155164789
5.025773635982267
4.041805085272836
6.274746756015026
0.7823832640821486
0.9521543209399126
5.3326645125079235
1.1189295296468058
3.0756690376487827
3.0647513843070513
5.214813990100058
4.462268744254625
1.065758456603263
0.17892820062899625
6.25865459087136
2.254543982666183
0.8334312457791233
5.253157060099541
0.07491042240546611
3.0943230140461484
4.275274061663779
5.2879208852103625
6.218633222006887
3.0188591665340785
0.9167265542658454
4.32870130676498
5.218955908501632
5.230396315098417
0.8978853561277664
4.2224921894771645
3.183601028074489
1.1496095487940898
4.354789537615656
3.111307787540597
4.181795267329112
2.074933670693318
4.188341629926115
0.13284014937258376
2.139878868175991
1.0868579190668768
2.1315843047325664
5.196710102647013
5.247857069272817
4.278293014617043
4.456957877302687
4.172017993006266
2.049358853179154
2.062009294233297
3.28548953224923
3.2001587035213044
4.308583148713297
3.217194721441175
2.1158864623291205
2.8998826682117276
0.06134299816703722
2.0894667888360137
2.095748908589185
5.196177990602653
2.178007228938484
2.2109014660191257
3.0790329743554925
0.9753635013038213
3.2340381952145263
2.0404938778930384
4.170865822910026
1.1092176167849441
2.169914290014636
4.1279947434793804
6.272689356025985
4.355914535374287
6.248400327169931
2.9565243681082376
5.204074304883884
4.313597752440773
5.1981366874986845
2.1780469205224513
0.15400427336756087
0.1503337795855362
1.1647251686328808
3.2117572509217944
1.0678207489755602
2.1266447687541055
1.0689196692088718
3.1659346810086184
6.246654750184923
3.1743634682669426
2.931240990157174
4.201725386561796
3.1608020602758846
4.15291352793691
4.143970593797542
0.8545079651306982
1.1215082552489826
4.27442466886769
6.202861933565504
5.1240189036545845
5.286873349908705
2.1057384186151027
5.107834362157098
1.0599907642207342
2.997796044076129
4.394174223167418
2.9182321346803834
6.185282353929452
0.05227934766771677
0.15980181693344944
2.1527782761266314
4.223170954778762
4.274743040938836
2.130730629976475
4.241152133807752
4.50091903614289
5.13007765149047
1.0090165128697128
0.04703483341816512
0.5866360469335414
4.948517527102401
5.234852621061644
1.0200626516764535
4.243459626843101
4.138469227379333
2.0947145244318013
0.27515264693063296
4.360028164487935
4.233829593009411
4.099955140542678
2.125589098587625
1.0835615854393534
3.1294156602481125
0.12570322403211287
3.1101695155724207
0.0550924262501415
5.206115023748867
5.076144079112509
2.0676458695457494
2.1719250500883995
4.393557347181025
2.041803460891264
5.204840817673764
4.238659951881804
4.110819885905233
3.094077833601133
4.24395382636056
5.193536112105654
2.1652672267142847
0.35471066207758234
3.0963259944615764
3.0750956108010667
5.355837903519387
0.8214826722911903
2.134094705232953
6.216260197952796
2.190073671455952
4.230395548197216
0.9786453465427396
5.26206638190256
3.1978700273370215
2.0243746585742395
4.197671196225202
4.17218923098496
4.053517383631664
2.06475037485638
1.1397156349903812
2.8091158143724915
1.0955565582880062
2.0658207949593743
2.1199628292854573
2.0394625818006693
5.203839553024313
4.275467323098954
2.139565445568272
2.021437424166458
1.0489811527456863
0.16819367315352773
0.9531975435755755
4.239705299069139
0.02544588795098779
0.09199452722803683
3.12188368355615
5.290532370262276
5.183799435522043
5.23764946292567
4.146309412445084
0.011995707365689334
5.27206380064211
3.097749798150418
0.2210690332317015
5.122657689119947
6.250191094149679
1.1153473740492577
5.303103230626147
5.114544708232073
3.113438081829492
1.9827179564017943
3.1813135357426603
3.1252828837900415
0.8722173010117409
0.9923740182443588
2.9672724280655327
0.8235696562063384
0.964794971605065
1.98719107717415
3.1728230427387096
0.9999790932091235
5.207797401507002
2.147001418596289
0.8291867483164537
5.122134640032133
6.265300648114501
6.244552991816433
5.250283831409652
2.090767917878792
3.1136087091364164
5.255606471395897
2.0973466312039735
1.0519450451358596
4.282911548446368
5.1269394814098685
4.490798245210345
3.2024627149712015
6.254480680015845
2.178891798239488
6.251673776879801
2.898725982590111
5.345496332182833
1.0259251145545218
3.0805713900861926
4.3190922641345875
2.2456940791259212
2.1702671310879187
0.6495353533125023
2.108504082226396
2.113773853638674
4.19495160718805
5.2305098928498
4.138226538266407
0.04647901682521955
1.964774788807972
4.185228724532243
0.03999938225440621
6.249307440656493
3.154766432236713
1.058230110021844
2.2636988962965487
2.152127116152076
6.232199322377438
0.09368826115993914
4.246010648539458
5.158486215440793
0.05061227413561959
2.1519459620542905
3.1828302582239507
3.148285227139494
4.382915072505225
0.13127389303520362
5.168856385800086
4.363390928997795
3.2216628649051997
1.0375066922197465
0.9852593657864519
3.2594228796930347
4.22454205876041
0.0759941864362225
4.283717766856462
2.0493945268214753
3.115446261270484
5.198453441679605
1.0259846863205957
2.1215523988965224
5.316341989424263
5.289947258160814
2.1525588272013008
2.210793044129845
4.158364965962664
0.7596225947398754
0.10756616119371676
5.228981640805711
6.205441489203193
1.030938722836193
0.015773967973206737
5.263018188001226
5.230899388386538
4.23542085572906
5.3133068692187635
4.244358225439003
2.159110649958851
2.4243250197440407
1.1004569065939587
5.225359056998144
4.272420442152239
4.111638485076126
1.0506134946973216
0.9272179706252868
3.1177803190386753
3.24191647848657
0.22311655479825965
5.158980935219274
5.094979622040798
2.0539247593691337
4.170377629306249
1.0991372236499248
4.286808704426088
5.09174066719617
5.237723457849966
1.0835910542639113
4.349056303858444
4.133458653821032
2.110481031686756
6.23524188787593
4.184292760191558
0.021131086904230933
2.06846745583557
4.303751598566208
0.22930496611100953
5.287573094141852
0.595456419589806
4.240911463919993
2.1235210417512813
2.223414520320322
5.147966091216375
0.1223467422607841
6.208997782203635
5.224426555787456
5.14831848228382
3.104007694315514
2.925744136409873
2.14736145696989
2.0971375662496796
5.3340432241840725
5.058541973296904
3.0154044973535568
0.5031218460420894
1.144062755698696
5.23292492887741
6.236319573432901
5.105291400714773
0.0694924456691956
4.166435281216775
1.1758322371627292
0.07809274253287048
0.04026010767304595
2.9812775621455057
0.9315628660826436
2.1723599950220422
4.065585455054323
2.1876886530701265
2.761734166389602
5.220594234537994
0.9601138545618462
1.006953113076772
0.8329195081703875
4.197611139246839
4.26030273099624
3.2413097319524202
5.230368820613719
5.253183017074746
0.23656567372749274
0.043654580727487034
0.03726444063156315
3.083619921426059
0.76637489828916
5.191201264497562
1.0096720277489801
2.0378856910106715
2.118049548354982
3.049915011735102
1.0375573334594823
6.145532253888704
4.186501191705395
4.312385713729943
6.263770595196507
5.2596926445695305
6.276013021629995
2.3459862206359006
0.07461715106289973
3.2142244857291824
3.085885334578243
1.0786482009338139
4.2828510415534895
0.007374563085941865
2.168645971921721
5.276143492562429
2.01757605909273
3.1065530782268884
5.192583056314386
1.06236774358676
5.249101600069019
5.158186863996935
3.110341976852852
2.0888201069603163
5.088653943664749
0.03047008890896752
3.1701768422043797
3.0921258836685706
5.2911374913436715
3.0975456267396395
4.273541204538789
2.180636805574747
1.1693425437039071
3.163225910451497
1.0972597709829282
0.9839463727595594
0.25268199139234604
2.209356404204337
5.252701583091208
1.11773354290702
3.129251500368772
5.1965051443129
5.1444197452381335
4.20305974981893
4.347039769536257
4.1776667698677
5.149798312021388
4.268136675469222
4.214695926999286
5.243982481270763
5.181421931813428
5.276065737433658
3.0611090276763773
4.945710969755402
2.089168807805888
3.1056456910121586
5.209332938629223
0.20912746316851488
2.1457839081098578
4.1523533417805725
4.239556475188544
5.1936599596773885
1.0952229713894488
2.183767712933885
0.08149012626444643
0.07189220376932051
3.183732590712189
3.008960894198044
0.015120121776866391
5.106274923562294
5.122121143903482
4.231022776406337
1.0054890803852463
2.941428590824581
6.269374915854141
3.1424977528242874
6.238708201520746
3.1209957626502387
3.0813135364871345
0.04094655743693961
4.939703933472825
2.126844413137624
4.275110921507578
3.074398716783563
2.107415233734387
5.199644321870522
4.17827972643178
4.141282347119864
6.225280708909973
6.211939265581947
4.211369189787081
2.060351890062903
5.268148121702206
2.197242356552315
1.0280674022776324
5.142178106004776
0.014029199049768515
4.134767434395482
4.139127962574331
5.127385365065145
2.1524692012048643
6.2735601675979105
4.419364140531304
2.1647948883742996
3.1418079063397815
3.100082949404749
4.844684394255425
2.062703218412893
5.304037843825991
5.210170623165692
2.267894964228154
4.321841246074025
3.129511194372354
0.05967414124378264
2.1896600834559217
0.037849466828290664
