5.748798560391804
1.623627912873535
3.669640032166785
5.773121583145497
3.6780097757213173
1.6017639200185032
3.7179850957402483
5.716028858671662
5.748328704891631
3.6779776954936647
5.737500516296694
5.786178245078361
5.761988317904241
1.562922609046511
5.724018990260209
1.616417920169817
5.721288385263721
3.648790138578946
5.747639273563837
1.535933888924978
5.773788941712173
5.756125621364419
1.5851297904966022
1.5276584264037223
3.6880365317464707
1.5872528473835765
5.7667197796359275
3.698983451205255
5.78980190241699
1.5134443366065204
5.705886773457166
3.6788629459665234
5.772987012680389
1.5531507337386574
1.647272142708466
5.770788214040729
3.6203395700772103
5.809868727910132
1.5749829018620942
3.6826342188748886
3.6951214785729167
3.6491467381338443
1.566625803029695
3.669049474918554
1.5979430555636611
5.743948419188676
3.663580285350479
3.691338058343528
1.6132029038633167
3.6746442736207383
3.604154853348308
5.777800866558881
1.561098554412139
1.590185812056253
1.6183482732387542
1.573936086871894
5.756884663881314
5.763354533189091
1.5993912077248202
3.6847335965441435
5.791179474664316
1.5637770697011046
1.6313672202824803
1.6050410711422183
3.6697149835867497
5.799510670500972
5.716178059378764
5.785170873431552
3.6857969631555036
5.793420578435769
1.569611260684697
3.6613001027442627
3.7290119216122735
1.5656105677874517
1.5078351488525734
3.6531641290447165
5.758280596211035
3.7108167292896663
1.5953647617875815
5.671769831700197
5.713028666454943
1.599999646219194
1.5719366981804304
5.766796378790297
5.776090466656894
5.748016477941345
5.787149423380713
1.5584737564307558
3.6244537143240785
1.5887640580124236
1.6320730765681533
3.675976984841853
3.6700420519921906
3.6851310640660753
5.722475585424979
1.535655286415476
3.6509808027075676
3.6205719216196726
1.5699488564884834
3.6827660957623785
5.801197545678634
1.5261980658737122
3.6844537294776445
5.8030165351749785
5.7501679146250835
5.760178861959262
3.649289770854049
1.556126100210846
5.7434361005316585
3.6403871042650158
1.6170843321981128
1.5561940607708147
3.71069901564514
3.691312766398809
3.676667510591825
5.778491772021747
1.4971862522710302
3.663863535483112
1.5954120028126997
1.5503167074700266
5.79017665420865
5.773252160043284
5.740002734127428
5.739554334070306
5.729584939038632
1.5788522095338662
3.7081001533836657
1.5860322972705387
1.5352687866987718
1.5639159353900363
3.628748780240398
5.7570956982976025
3.6502816973705063
1.5110035316423365
5.7315425571178
1.5919856640441579
1.6132937037298767
3.6260708244005406
1.5070154687159376
5.783244321221356
3.674985043617882
1.543733034609768
3.6686842927640955
1.562226993612979
3.7124975900189967
5.7902864253329325
1.58719970975528
5.720425034345954
3.6571850304844578
1.544402831669168
3.618590437105324
5.712900520088711
5.8033772203096134
5.727154034428627
3.6802289345429555
3.7205492494957197
1.5340618631230227
3.6723952739299746
3.6365539147578976
3.6228592308239533
5.7206257876588555
3.6642535962006657
5.7780490111640495
5.78258303785108
5.707230185052321
1.5468393436692975
1.517074775180665
1.537453932967662
1.5742555388844304
1.562223840585006
3.6872137586058797
5.763226417268975
3.6517197263867947
3.6280648404750426
5.811000516958448
5.773896215692006
3.665778508102994
1.5367537241588454
5.70672332594135
3.688523276367219
5.778548988376405
3.6272179918934317
1.58642537735583
3.6809634245336533
1.56846800552736
3.713399749609084
3.6707100101359216
1.5695926679529424
3.634777973103414
3.624383132091056
1.588618741414077
1.6301824689432705
1.558552940159781
3.7045917347069945
3.6946565929719335
3.6322667456931765
5.743281971924565
5.728915609471506
1.5676641093608348
1.5772315172567906
5.84516409300983
1.560373919972379
1.56240362391719
1.580473563131691
1.558862586606927
3.6731972232064063
5.776704600971224
1.5421232640330875
5.764366997730569
1.5068535329310473
5.7725392451961755
3.6583010819407873
3.650282733233903
5.764104927446569
3.7114870291298803
5.769115356023545
1.582263599540092
5.795953588967751
3.7089016445066236
5.777499620518089
1.5813710667142493
5.717737818366935
5.760762223794481
5.810531020270863
1.5530021678897734
5.721425890142022
5.763230454579924
5.713596049845789
1.539297208661586
3.6728760304208317
5.747236219104945
3.6943631308060394
5.7660472351580045
3.656513955143677
1.5935498688168765
5.80603993032588
5.790272092292197
5.7671396889883
5.747653101613516
3.6714232494649313
5.757202207607826
5.726580141171955
1.5511249411561452
5.776782852980055
1.5129187852650747
5.7794017730605995
1.6012890207595072
5.7867492322117435
1.6097321951241796
1.6068574285811756
5.802190449006136
3.6423167615886336
1.640399198262903
3.61264486057325
3.6896416647746215
5.74473520571175
5.801363677485138
3.671470012547923
3.653994133185452
1.538262324514499
1.5440469807060986
3.6804893625350625
5.761986352986117
1.60500190296484
1.549210766727908
1.5263636758098205
3.6341499348127226
1.542014306713889
1.5826864719292177
1.5982945509454205
1.5601611690234818
1.5983377835850177
1.629944579103026
1.532211629418994
3.6499621626936274
1.6483415146560416
3.6698103574132928
5.838627599369191
3.6468140219081335
1.5496667534874067
3.689201149310868
3.6546238296649083
3.6856118852241666
1.585263439433434
5.778414450104708
1.5428694967410006
5.768444472708435
5.728551035500883
3.668663456537903
5.767551933340236
3.649737803001338
3.6459648112893634
3.611140146880408
5.756992262913429
5.7643910576776864
3.610661422654047
3.6897197453418746
5.735565817060167
5.721398016128479
3.707556881359278
5.757600605662692
3.667967528639477
3.642743394706773
3.6470255863431507
5.744103927337011
5.704284659378549
3.65646850989528
3.6423844758177553
5.75650913564244
1.618478647410185
3.6787530130491017
5.724832558816002
3.6980643504223
1.5402677054329383
3.685202379851365
1.5795907353787655
1.5477377980797287
1.6138649566939434
3.6779610786416326
5.76205092945032
5.761286331612457
1.5464500708194753
5.7404878455217245
3.6624334677587713
3.6371365909931233
1.5687175041440864
1.5699086918998806
5.8059356873014965
5.7340837185771845
1.6066426242808598
1.5616149130903145
5.769997925987965
5.826136998397463
3.668103775363475
5.760791172397973
3.6219680955556144
1.595979020939685
5.766472470729349
5.780537287780643
5.813989253082678
3.620402803374087
1.6065989259166802
3.688532699990183
3.654966954194208
1.5668291398443093
3.657866410609516
3.689616568246136
1.574946324995231
5.710990688668948
5.721475654664326
3.666547073969436
3.704746441879552
1.5689104368966253
5.760167132016553
3.6459386974478334
5.712828795702747
5.73703981848558
3.6861586200968257
1.5797073490184779
1.5954063142664565
1.5439929399718815
3.578231076974936
1.5859618000463582
5.7381355279275015
5.772370653695976
3.6987398377522283
3.696970661227256
5.734806953841247
5.797980254920598
3.646590847599552
1.592820248511587
1.6376957392309852
5.7548245779565175
3.6954336452893197
5.7565522799219195
5.773522546450292
1.5503511595983839
5.697585975695298
3.723656160748293
5.7200193157451045
5.79104222741956
5.782012687872107
5.770427430223866
5.720971921698229
5.781969975020589
1.5293999479927483
1.6302282517890743
5.787858256420857
5.745830135692506
1.5797932114065638
5.7397114249077585
3.624281187417729
5.760368273178087
3.630944330822594
1.5236610646828934
5.746140891457767
3.6901695459079797
3.653820175069777
3.635750257261799
5.737453729399594
1.6477323091102885
3.6796382286058558
3.681111901547493
3.696566810045437
1.5530688004074107
1.5808087116572898
1.566655975832333
1.5399579792344982
1.5247092566161866
1.568782073082502
1.585015921056302
1.5537734595785313
1.5834151084176367
5.75911977336854
1.599937935233732
3.663909198584312
1.578826004387213
1.6210553707331754
3.661912078949401
5.740472189289485
5.775891715800748
3.6250826632594175
1.6583196307757322
3.6683058255178596
1.5826486794578547
1.6043229347344703
1.5237219762201226
3.675380304564948
5.763417933884122
5.773584149324725
1.5816247957704914
1.5593727403452569
5.765062446200835
5.714360021266516
1.5758557371624105
3.670452408588754
5.730711884167014
1.5852801616762688
5.736296604273677
3.662641311270921
1.584156297223291
3.6149220792701446
5.76737079998009
1.5969311184338997
1.586151270342624
5.71988669273176
3.6617533843856243
5.770131460196698
1.6258363397513
1.629247171082627
1.5718482159064502
3.70908983155801
1.5201445173159467
5.754386166240276
1.5698839334823855
5.678579090649876
1.5804682889328197
1.528770470525575
1.5956186999069386
3.6337134717653155
1.6053332927541546
5.773961389727707
5.776066656364314
3.6806823628045384
1.5402940587350185
1.5829631668301793
1.6239830691685784
3.7012332345538588
5.730590653651292
3.673120890637416
5.808563108690166
1.5899057051568202
5.758785328497052
5.769830053795116
5.696429153218109
1.5696930531373374
3.6217148734281346
1.5994108832564855
3.589644827738563
3.6622921800210184
5.8221919380550045
1.6368477137905275
3.722277185576782
1.5837600455331668
1.491371521473552
3.607200108620538
1.5935161814673346
5.734967753001189
3.6752437020059974
1.5736705812524763
1.6164705030775663
1.5321962487662304
3.682783617688969
3.6911532343398936
3.6110822416780906
3.72628747404334
1.538952440440109
1.499472851054059
1.5703144965996794
3.659961545468894
1.5796616337718525
1.6157345219441428
5.787927268735076
3.692508687122975
3.6408922795512257
5.745363682679344
1.583835147996088
5.750823052290986
1.5725917960031428
5.713836477747698
5.7843762765625355
1.5975281679367952
1.5424485521843825
1.589814042329556
3.6342242406532246
1.5431676267377226
5.750010302025602
1.5656799187288395
1.4946911595736552
3.6665262227403064
3.663437274140941
1.5489783415474963
3.6764167893198687
1.5940295262461726
1.6090537894270196
5.823092692791153
1.5887968926271046
1.5271406422991047
3.6270035475027647
3.6325395651421317
3.6840371490713464
3.6400753173416764
3.660956799335479
3.705084114784029
5.740219142177617
3.63450290800454
3.7163603008465116
1.6249378589231105
5.726916904042419
5.750790466784514
1.5791447019117766
5.7311490644330565
1.570739229742713
3.6829665002465912
1.513703067101857
1.5784338406202365
1.5870662698751994
5.724276324449619
3.6654970823422253
5.735329258729001
1.6214252528532316
5.7763449625612076
5.7296463225986045
3.659536905497868
1.5562149149602478
3.6726481865538085
3.6391355667566994
1.6202600703684946
5.810106848248267
5.706748203235847
1.5758937603057044
1.5658415850076444
3.690394206436776
5.798709224578092
1.5021819622890946
3.666631903820922
1.5717746417438305
1.6393144024593143
1.6293948233673716
5.692017452245789
1.5590550864079584
1.553050161589876
3.684579947920259
5.786690897848492
3.669946161160677
5.744416157312902
3.6625926546057634
1.5942636208355423
5.732504392190511
1.5673063905434788
3.663446846153617
5.762770297654772
5.743793017266175
1.5359851991546472
5.74378532866352
1.5600650161359435
1.584801886847202
5.730549084527593
3.6447743242799038
1.5377509170787083
5.773665155779988
3.6682175149686396
5.7658513188292995
5.758190167017473
5.733043646359066
1.5926019855473013
1.5239860224558746
3.7088510095663962
1.556408048327185
3.647884458154263
3.6710865591751274
5.780528012722195
3.6417896716194176
1.570946604751437
1.5599809387712216
5.731959547533629
1.5375279300887343
1.5539973139178174
5.740196028526003
3.647463758293432
1.639958047256087
5.749314728501048
3.6074161524171666
1.5236855392176678
5.747719939383814
3.664346738267793
1.5329473388256805
3.6620286123279
3.6082138968866597
5.75792326753963
3.662289318540272
1.6103414095464315
3.6804795061718414
1.543374305868801
5.761351252249277
3.633323428713152
3.6519803314795967
1.5546261618086419
1.5855356091656492
1.557843368861334
3.661571310420836
5.712962063615793
5.793467423610767
1.5427448533746595
1.5774648943446086
1.5472226330705645
3.6236948573947734
5.787487817890617
5.780121084052593
1.538917779073045
1.601309070483309
3.644372550173325
1.6018443971383856
5.822977735680986
3.637403445076288
1.5545071264562522
3.655463927215103
3.657126488025372
1.5309135231722129
1.624207436885798
1.5587728435346953
3.7127511601397414
3.679762669164073
5.712474843512008
1.5650200255296358
5.784431067608517
1.550337571851273
3.687750493231524
5.747486783519959
3.696126368393428
5.7366895040963195
3.7027378360946526
3.658044059432437
5.749035368725078
3.6409841152193727
1.5813518446620969
1.593621103231976
3.693047418021599
1.5595225533520347
5.799542259997572
3.6545591575984417
5.750929541593597
5.776508249297475
3.688373904610446
1.55122770634304
3.675036268886813
5.716696432777582
3.6366924168458215
3.708374169815008
5.783207031306571
5.693656884361326
1.5655223980326118
1.546267558111845
1.554763872934568
5.787331013238027
1.580737701127279
3.6701580986442943
3.573992011425235
1.5866695078151882
1.5878908185501792
3.629894687617196
1.6102145555175764
3.6676998508458794
5.7185053521565665
3.702346627613118
5.741555316367435
1.5623386783084459
1.6304347752479607
1.6210643794664032
1.6081232517903277
5.726865064159282
1.606222180500673
3.6730099439100066
3.632507392809917
3.6663179458925845
1.4842251535239905
1.5859435909637516
5.75166228231144
1.5137980793415915
3.698069326881543
3.645290249350189
1.5875151379678571
5.809158061557899
1.5977550790644883
5.808521007373927
1.5725385824701912
5.778852355078033
5.696118072407381
1.593681595840584
3.63545064005644
3.6619435867321144
1.5913245450528446
3.664170628500444
5.794531042709137
1.5840346848328075
1.5381715719795328
5.780515492998901
5.728984841662344
1.5768758837884487
5.754692965874858
1.5850157947292844
5.775929730898671
3.613760596438585
1.54340402489985
5.779997187526177
1.5628707103309487
5.772433950596228
3.719305205890199
1.5291326644037406
1.545410669372235
1.5365463732319862
1.5869868148075992
3.609819031010609
1.5775754834283648
3.690040896603022
3.6355940761276635
5.76374287636577
5.726481583841822
5.786479265569113
3.6517895326682197
1.6164992680771144
5.76065584975444
5.769430583304167
5.772684992016159
5.743380776548762
3.721746630338225
3.6838873147132283
5.730260953323814
3.7033546923007497
1.5137051624293023
1.6366844218243264
3.6529684454094236
5.7549108058878495
3.6595482693195214
1.5513658184557904
1.5934743712985031
3.663479465840134
1.5641939957827686
5.720977320293775
5.692868028186061
5.781639510059408
3.608043068609309
1.6056511369085835
5.733780431918827
1.5702251008424701
3.663995493271128
5.790429006548031
3.65623585413452
1.5478835854160398
1.5674106576732214
5.773813304892276
1.5796208163490877
5.721817435430146
3.6576483753662297
5.790731436010228
1.5561541439437225
3.640600526184756
1.558181273063998
5.705988546848908
5.778592446117959
1.6071889453055197
5.717528669758004
1.5990323903350632
5.746577222086276
1.5817043844670238
1.5901229209720802
1.5605133333646206
1.548653938000329
1.560590453254474
3.6825685346055836
5.781401689291886
3.6529116466801455
5.774936580643218
3.6830811477708343
5.7559174491698135
5.721834142669546
1.5292562752001189
1.5691103809295845
5.716754942115866
5.7494788407538655
3.6310579640837344
1.5720086445950743
3.659545309421178
3.598594514350281
1.5889909734389107
3.70436275899144
3.673331995182803
5.761661729542079
5.661461078086919
5.754197578296779
3.633537998086271
3.6592477960687964
3.6946623267213448
5.818176539246899
1.5986540846229245
5.775131263716879
3.6810523171118468
3.6588307158321287
1.5812795869768657
3.660797756232067
1.6022997075691614
3.6740409662144815
1.5494911456695526
1.544681640338871
3.663687461502832
1.6546745005759245
5.7725368168545135
1.57501706511669
5.7378277839774325
3.6793039914300643
5.808826655277365
3.623850803627763
3.6945762333345753
1.578057563992207
3.6312821485951967
1.595187755225027
3.6263876734234004
5.753000387426643
5.752832192549921
1.586719896505675
3.691270413584561
5.805452791869202
3.678352197547394
3.605730625661936
5.770655765897307
3.646373609698101
5.7417642299760425
1.5715813883156688
5.763415214434928
5.776402889213088
5.782766056643313
1.5307101215461563
1.5922989430523655
1.5616498452111625
5.7947823335945206
3.616597468037184
3.6524203305670153
3.616931177101376
1.564486224220025
1.595288454994912
5.774719819999762
1.5629026460804372
1.5828155383774722
3.5838400026036297
5.76978994855794
1.5566639084798455
3.6442513465337645
5.723219121264946
5.730573443980282
1.5289564726708944
1.5799864036072795
3.656207395525888
1.5353370264502186
5.720388423796514
1.5902467489304177
1.5698934064850012
1.5743698075919716
1.555016318495992
1.5229455822649576
3.6733053287767943
5.7256038100651665
3.626886377068935
5.7579932131941804
5.751778198658844
5.729852494254761
5.778102949234164
5.758383962498644
5.7391227891965695
1.5558432599537355
3.672887634182546
1.564741762170594
5.714281081463668
1.569498190911197
3.6789005423446453
5.729088794840237
1.5506060072378025
1.5258669993596445
5.800394116941797
1.5763415175391065
3.644557555378634
3.5948332470287703
1.5578291717345922
1.6454321118199644
3.6757690635709497
3.608670315073451
1.5484496761376039
1.6053125357632905
5.688622752161943
3.6594063790209517
3.6349384991764557
1.5687026542277074
1.6019857935354223
1.5408166783706623
3.676291452183481
5.734540105080288
1.5427252478961386
1.5289468033397466
3.7083433142017896
3.646679316246652
5.7652623709563
3.7124891878358173
1.5616629579311563
1.5328706434636319
5.724588685813499
5.773537737908218
1.575615819078441
1.5786275621638732
1.5711902516836247
1.5937366445487053
3.655562466057542
5.798919507569911
1.5537175668783274
1.5927461449613052
3.661104605721637
3.6713840635204713
3.621078663859145
3.663100270158833
3.6611891189619543
3.6401116502261788
5.72444004067516
5.7677753749954555
5.76230534835782
1.5672879303482143
1.5711274052693063
1.5428584729885682
1.5672760525345635
3.658359630575295
1.5556964923368746
3.647332453457528
1.5567652514652859
3.6575512530292347
1.5939769751604318
3.6302464749178154
1.582206040783305
3.6780927885191934
3.675388932957352
5.7762614952072155
5.778980265043431
3.677632699205017
3.6860230445597835
5.735895631912758
5.784827835235729
5.699829447809206
1.5549186490648461
1.5258444511647695
3.6841222931604367
3.61905280939042
3.690902131808123
5.788643419402503
3.640231887718682
5.7507070121930175
5.775983860442113
5.760936849991469
3.7111024209243113
1.576713642117054
5.779965546391131
3.681231973168316
1.5697246671688658
1.6025170708492684
1.5360523190778173
1.556590765411416
1.584846237133366
3.6509353990887163
1.5048283200091332
3.6769017355475446
1.551145616404623
5.73477401041805
3.647075256877089
3.6664332071704466
3.70444655954907
1.5746360708599911
5.768951440891792
3.732445379628402
5.74238529645191
3.6904243312772738
5.738311225429483
1.5710848929186914
3.6492879618428806
5.781579750418129
5.795583864852943
5.790848455985425
5.742725364979237
1.6019866910867377
5.698196331785924
5.805802769472446
1.5360799004286734
5.803162841188521
5.748807076990824
5.734171868609491
3.616492759216833
3.7117703168043734
1.5876570491937065
5.753695664506165
3.6695084978347725
5.753982937040763
5.73533581876413
5.7545880778143985
5.748419323106097
5.769168194950259
3.663314106751918
3.6044625543182693
5.698367124256395
5.758329577020821
5.831038892651096
3.672731204555123
1.5892936342938357
5.797092337653371
1.6133470249839639
5.780990568759868
1.5319991463610267
1.541899288039513
3.657825182150531
5.752150594368886
3.6322525931614043
3.675959446335308
1.6081099227104803
3.5978962404997334
3.639394300331915
3.649128004657326
3.6976893436213314
5.763672446780346
1.6138268335714443
3.71667017433568
5.782883003830596
3.6581358041067835
5.730571332105811
5.773090119837708
1.6100432105195661
3.6741299554253852
3.707773311005585
3.6673384495811057
1.553333004047326
3.645348665280532
5.757052635467358
5.773914813650526
5.76218792727618
1.6099466674561573
3.6921240314265398
5.762914102687634
3.574477433635108
3.640203476725253
5.760031504916123
3.7047221638593286
1.5495465816473137
3.6179019335290694
5.745492993902918
1.5832419770480841
3.6172852716425106
1.6379794328531743
3.6742066811509746
5.760261113011679
5.674995083408968
3.6968861157619295
5.785945120747861
5.700639181768555
1.5414812522406374
3.667257541444294
5.717212803119425
3.7213235880678317
3.642759001278903
5.756477441609516
3.630297011707891
1.5434675421720137
3.6554810830931173
1.5913057723261868
1.6007304936790723
3.63803643272284
1.5779897324678083
3.7189202987443104
1.5902604907781064
1.5303901290532451
5.709322333001434
5.6999249813425354
1.5285314507685945
3.679114159278165
3.697414805215851
5.800749588135754
3.6257358719648445
1.5958666785886686
1.547998193284644
3.6507706136772433
5.773894167631479
3.663522384619636
1.5604744324205453
1.6258346068684726
1.5479384882872576
5.744678334643212
5.780272891825691
5.758615322642604
3.6728059259259913
5.751788221073956
3.6138876008658416
1.5726711780303484
1.5319620531833293
3.700240624444121
1.5105442926948316
1.5166056675951034
3.655052096369163
5.7719084763483535
3.679377585586951
1.580698806060321
1.5448742448900916
1.582491157458366
3.6653148064305725
5.7490712456174045
3.6393651274749614
5.72172773630405
5.796531785535606
3.6971865886865296
3.614265989928949
3.6387408141939517
5.7196977732698535
5.7683526209786935
5.687106282508986
5.706095486236999
5.762949191072645
1.6216871736046778
1.5797268102449435
3.7190620412560675
5.794261103541361
5.75908563328913
3.6577516637155405
5.790827526117274
1.5420633720826173
5.7350681073091625
3.6324921807216617
1.5898413675392344
3.6760126203843053
5.722293516209304
1.5631516100354883
1.5931471653080629
3.615762476236622
5.763644952896329
1.6228500106717938
5.719929532257922
3.6476666423818487
1.6036380110486506
3.661294289147773
5.806719430000327
1.588692975122608
5.777454681213489
3.6671198392988797
3.6622092588902095
5.775041551196521
1.5655986750381778
5.801268666835567
5.7551344662607935
3.6812212499887567
1.6016471125933514
3.6552945327969946
3.6191876397453027
1.6142680130640867
5.782810826926896
1.6202925516905746
1.6004898057455792
5.7183595360053925
1.5205335437239176
3.668024186066434
5.71196535170524
3.6679382918792083
5.817734980915034
1.526374780330884
5.741513062128475
3.6808024867446556
1.5552554621802894
1.5510310487916432
5.796995323835404
3.638733271441448
3.610074989887652
3.65303539117974
3.643379040529845
5.761482777149905
3.6737512193519652
1.567594826864926
3.7147098838974464
3.636308803627556
1.598342997818376
5.782242393332655
5.715579624436205
3.609351684678405
3.6522251018588454
3.7284129621978446
1.5053934580068047
5.790999531635569
3.708675667673069
1.584738667785798
3.6454749237340427
3.650973286335801
5.746007302991863
1.6282931396597982
1.5222863613805564
5.7505728749888325
3.638683311677625
5.788468940274469
3.6609272056496454
1.6270139892526334
5.757437849729597
1.559605375366402
3.659843007320348
3.676077444349591
3.7423750803783706
5.763208480999988
5.756289231152903
5.8030174308118285
5.744324606688468
5.745168527959241
1.5522003350265088
1.5912370266729874
5.719593396076647
1.5814532280831348
5.712843326329753
5.746621450550326
3.691746990064003
3.6262936117096616
1.6022450368646535
5.806956786728251
3.64936291500944
3.6837762068163213
5.802020880337271
3.656068868922393
3.672847517752267
5.786131591271258
3.6742221025295
5.718908321183991
1.5508797818517186
1.5918961793281146
5.782840226570904
3.6521010681686845
1.5694762549649375
5.749862878090233
5.731042485736619
3.6907076860815393
5.777313246645535
1.603073472108131
3.635695441614622
5.767277443208323
1.6259841665424153
5.8336990228207295
1.57037486289774
3.6649575100786143
1.5543791003433731
1.5362240614187925
5.752275951341429
5.771752134335262
5.689611770827034
1.5889014151829617
5.759430352562886
5.8142766513250255
3.6239654984910774
1.5426932364915973
3.6173458347207315
3.6468558821326407
3.6805068883282237
5.718691183460167
1.5499258981467556
1.5842234386531011
3.7117696023721565
1.5872561456736118
3.635551838979189
1.5717364000468352
5.733101965932821
5.749008709641608
3.6447921331670465
3.629604898600744
5.788881013927026
1.6277911301245094
1.5836917630394258
5.830402559641002
5.825191103099278
3.624201872559356
3.7089436967114264
3.641014355617492
1.580618970538562
1.551154261160097
1.5731144278971385
3.677116206389302
1.5926839173688716
3.6758198146890058
3.648045839519821
5.780716095594564
3.6647441615111163
3.652202156979118
5.746048474634387
1.5865432746297514
5.795618769916087
5.757387520838808
1.565342599256752
3.7135210908892105
1.5801153568569082
5.789714040638484
1.5268272394433227
5.744664508773204
3.6435211341741263
3.680450384510326
1.6124972187580884
1.5844416007246038
1.5654336709794205
3.6938412150139386
3.626451232207951
1.5947684050766184
5.813614953030471
5.77835353825649
1.5585546611094718
5.714257620195009
3.7194690533417716
5.747179784463826
5.712602123434392
3.734651438058234
3.6406272653415526
3.6557696811404297
1.639220645207394
3.6860960422141544
5.736964523163035
5.740163244401236
1.536809566916936
1.5184346651375527
5.787604321459661
1.5273210501806724
3.628749617038953
3.6679841299092324
5.794981803498545
5.763260545509729
3.647303538889054
5.727698459914723
3.6812696561271094
1.5037251307357975
5.725615704835012
1.5466158467549649
1.6080681902209022
1.5808887993644292
5.786051264713452
5.741915171671963
3.648098169532053
1.6480714336361255
3.6938477466163167
1.592300261489422
5.834438824938284
1.6052715320673694
5.757701763004689
3.650380862611913
1.5728499192880236
3.7155027632442015
5.749384698910739
1.6066885760141054
1.6807300134454874
1.5559155108445037
1.5552688220206723
3.646965675376124
5.780623763954254
3.6822116644246323
5.767836322828255
5.7868885027018075
5.76592800239161
5.770427941353612
5.717388774711429
1.5223832030184958
3.691923627305238
3.6912165537097423
5.809166770140053
5.737198920833275
1.6380626564066814
1.5547987346428633
5.725168304841768
5.794592693749006
1.6560741668756003
1.6087267060932349
3.683909317714546
1.5346071851067888
3.609908260448109
5.733595127103172
3.6573626340928698
3.670513346603819
3.7233699466541346
3.7013293205089526
5.79530372631884
5.807029440443825
1.5861084211394667
5.740241412455845
1.5362207470678193
3.679965157608606
1.5600661428688225
5.774184491519221
3.6336218839576464
1.5643566630802699
1.5341077820759157
1.6021594672632875
1.506126762803368
3.658117979746489
3.644663019083942
5.777294693156372
1.6167406455942581
5.741856308113302
3.6817310592509678
1.6148230068305716
1.538011303883946
3.6559481938809597
5.768019325556497
1.5972114084213922
3.6581149588012867
1.5917897866375375
5.747319790454342
3.655195627630455
5.752324655268759
3.717004195412435
5.755516276706505
5.751420723193594
5.716482623640664
3.6666398083031773
5.773360809726464
1.5348337968025034
3.714368061640604
5.778171284563208
3.697288374510832
5.774619745199561
3.6323502348531087
1.5879274161817
1.6437570071807737
3.648779749139081
3.6954822045210363
3.701833543270197
1.5345861110000318
1.5090239409149866
3.6649184421360266
3.6782945313876487
1.590593064698897
1.5818587683007839
1.5967363728710446
5.744426701339403
1.5882359829044148
1.619268747089707
1.5993337027668675
1.5677518254445624
5.769958816480653
3.676155852269023
1.5292607512018188
3.658954875388094
5.747891352755417
3.611095339284688
5.752271749161285
5.699910061078105
1.5771964741987865
3.6031865248760093
1.5512997280675436
1.5269048815481803
1.5843613369657281
5.772679127914344
5.808618713758976
1.611071256903938
3.623064845429123
5.772028982371751
5.85163003668133
3.640328061945174
1.6038257882490896
1.6040075982238697
3.649309023711876
3.6917953352748287
5.7510220998466535
3.6900963698661493
1.6045105943848337
3.6836067110847734
5.792824445352618
1.5055429973114025
5.757442968160319
1.5368058154994833
3.676440557992467
1.5444523095836775
1.5754168021647277
5.743388847983983
1.5678026153902769
5.7469349366870786
3.6133777473916417
1.6459082444394189
5.756602168407241
5.760229305686842
3.624600248724645
3.667550014889386
5.698893223513604
5.735184230259076
1.5817364910536824
1.5106335276126734
5.7036300279021015
5.723329488118617
5.762455969232464
5.736915705929667
3.6554599137299624
3.6428384201673247
3.6283592203001835
5.731862053023273
1.576416503312028
3.7164356682013824
3.6681123246491594
1.5819263802355228
3.6843509561936743
5.72759505128297
1.5983654863981998
5.699210643024394
1.5138048163199496
1.616641561011404
1.5109290686241592
3.669114635088115
5.764630202151667
1.6033166855144314
5.686063158854111
5.80814316082303
5.711544917515547
3.677238079055811
5.772285076305961
5.760971719556182
3.656657231074262
5.771045799659014
1.574888031125428
5.781086408856635
5.769322160414303
3.688713536822777
5.771429454653449
3.612912631624334
3.6422763719749924
1.58471007370414
5.795024973322012
5.748261550755804
3.674440665437224
1.603169294639565
1.5692999047403582
3.686693010979114
5.751640061522565
5.724504076027204
1.5811847109317223
1.5594710966547818
5.770170300783931
3.6942396625312397
5.777313615428231
5.776491265829659
3.647813005225268
1.492924143146189
5.787611526529757
3.7034066885110044
3.6923006852869373
5.794568017024461
5.771015083468729
3.6725144206062703
3.6957282974747527
1.5357683438657839
5.7438809178448516
3.7009967427061756
3.720257664466031
1.5514892886885558
3.721323025652337
1.544614584633285
1.5814537807451918
5.76838733864654
1.5471453241642297
5.766961541874817
5.772684984996777
1.6049775561571904
3.6827731120641003
1.612700985324509
1.5587694199615147
5.764349897325685
3.6286260627787663
5.708871616875557
5.819293737762001
3.6403102755982215
1.5586055976738462
3.606677967823483
3.7139814099266877
3.6423149562216666
1.58952721238906
1.5506294085198924
1.5849805888215236
3.6648696074559073
1.5757984692246048
1.5845886977365358
1.5471526876719475
5.822000018641304
5.795991337870479
1.574974703021085
5.716173737388177
5.7769193755428345
5.809066769459383
5.729230751496378
3.68919075149934
1.5693552333150476
1.5198399703624923
5.729913251914254
3.6667361267756338
1.5297049837168686
3.706674448518313
3.630139580542165
1.56398176738141
1.5514672845413764
5.748930621514082
1.5674879647231266
5.772464581305233
3.677331193513602
5.7799483600336155
1.5951479729598108
1.6140958187473937
5.799500645106767
5.671956623876704
1.534468458482515
5.761053377285173
3.6844455566084617
3.660152931606694
3.6443719490742335
3.6282588265603644
1.5384937956420748
5.743343687731192
3.663685104951491
5.796006363604735
1.5723602393705511
1.6269787271553389
3.690267299006107
1.534083286294289
5.7575480606328195
1.5419910738864862
5.77625069543114
5.733747682108263
5.845855221987857
1.575859203743235
3.679397915161315
1.5464558457203492
5.754082051547
5.754291289870742
1.6422470919319183
5.786292873365284
5.765075216441076
5.727821009503297
3.64222325785227
1.5932034870848053
5.754696455818782
1.5566764353702445
1.582819395374702
5.764507458511085
3.6653411847163393
1.5692112493390282
5.751439215660813
3.639655012583465
5.6821570032635655
3.683578685746159
5.768113315419641
1.5340237024598502
5.7641001528924924
1.588036766833122
3.674968045948483
3.675929894457771
3.6732881598895766
3.647463246380821
3.6503979954372503
5.722038833404553
5.735875818519996
1.533508372759282
5.769078993870133
1.5150130503329486
5.781142417992454
1.5343098800879944
3.671803250931652
1.561237999778435
5.744867037622734
1.5775365175818288
5.755459590424079
5.715603964619447
3.6876117819849514
5.786651246217134
5.6799562817042935
1.5876459067691968
3.604593643588245
5.762345743824924
1.5986632188297487
3.638933265183151
5.788433542379182
1.5753041512991452
3.69350515823183
1.5876961065789201
1.6123289570482897
3.642143234159635
3.6748017020210644
3.7093414890829157
3.6921526713054282
1.550536088313143
1.587127187800394
3.6391807050494593
3.6343686282124543
3.6008876452829437
3.7114581474705455
5.769861053105048
5.729062596476338
1.591268737555275
1.6072182710867868
5.735321767655514
1.5717535853705398
1.5633739642993039
1.6129572222182373
5.757975224101768
1.5603905015126607
3.694110164470008
3.6482505847932694
1.5846582906256854
5.760961225404239
3.5935198817529335
5.742641156326536
5.797953051183026
5.743130229640717
5.766528146891219
5.75411588513698
3.723285162998307
5.768393598926425
1.5804470743321613
1.5813864207254813
5.769821539441343
3.641950608387577
1.5038188321513268
5.758454413329009
5.736247317391637
5.778692564758125
3.6456382699145613
1.5225902225533892
1.5560246133602826
3.648932813213167
5.783802609324242
5.763155084394453
3.6642109560419254
3.6598265828241994
3.7015014222167215
1.580610061205689
1.5519861562020412
3.7145000846542273
3.6451814766633683
1.5462949362941707
3.6813734776382674
3.667139684143761
5.759484500677035
5.739432639505935
5.787169841395726
1.6294636496717658
3.6185358901500684
3.7115447299524393
5.8080738844710895
3.666600861132744
1.632750018002516
5.788888165445483
5.720424035075562
3.6541433335654165
3.6083206289610477
1.5900195710190457
1.5426380849292238
1.6057091851483833
3.6864767577148556
3.674161887861255
3.678919047439301
5.773250309857587
5.773138243265961
5.736520059244888
3.6978055796599
5.745168781960725
3.6406107338027067
3.668140704483509
3.7045719076691213
3.6493382863147077
5.804042331102952
5.741076395180293
3.652130404864305
5.787414350811611
5.716996795976576
5.741224055776197
1.584189091314093
1.6478501900031064
5.8156752704409485
3.6560104320237534
5.788185744840033
5.714132115398786
5.785983286659424
5.766337903427562
1.5218127428741215
3.716128343895549
5.730231134184805
3.6977447940986328
5.722451600291218
5.737372146356314
1.5796777841483722
3.670801427892118
1.5577378150819063
3.639476994600345
5.782043153145103
3.6623375987852134
1.5158797225461966
5.749908735212712
5.788871915786932
1.605549656900474
3.6589245112113784
3.6627068601964243
3.648778680449874
3.6124310665576105
3.6578017922132915
3.6466929485538624
1.573738241384536
3.6601954875536693
5.775078512954052
1.6184586179573317
3.6809484801862773
1.5125589204592025
5.759966600488962
1.586878429982654
1.5943894369787794
3.6527773248839415
5.770170373706593
1.5618807084617539
3.687992950716027
5.764114902871039
5.761208465680175
3.685619458750017
3.6922193795320473
1.5846472250539492
5.780618114208972
1.5795158226836192
1.534792423125154
5.785976519664628
1.6006575771970772
3.6679590705209746
1.5669818082505205
5.7618642261968835
5.746427842286721
1.5520065145628177
5.795779808657453
1.6302658910154282
1.5780166151830466
5.753116640814295
1.554676507241263
5.7580604417430115
3.621394822875422
3.6000029338869384
1.537833376875862
5.737534192144003
5.722457034066372
1.5899774943802685
5.785196570363194
3.7010680462353798
3.6488746728161296
5.702162836917217
5.787026228189745
5.720433703165794
3.6682289778154065
1.576980678011803
3.7059308300808183
1.555687104504032
1.5748547750607882
5.7885235161183
3.6702442612322335
5.7094994943100374
3.613912796104036
3.732318988133424
5.8234865795894715
3.6681427904521153
5.759497985562711
3.6710343870413302
5.713238421123996
1.561526433782361
5.720985114659654
5.729270951496672
5.700287790098109
5.806266840414391
1.5827568878166391
1.5894221558203507
1.5681989675722994
5.7332534188052895
1.58190753130781
5.775507403275748
1.5976153539666595
5.73296691617893
5.755621116102793
5.724273509691235
5.723759922036588
1.5797287551319275
5.816086555482477
3.6824442516380334
1.5897154136530576
1.5580639828739835
3.6731890513821495
3.7017538655021442
1.5329198679048908
1.5170927367060107
5.783570558277049
1.5510573322191124
5.7292888607553945
5.779263810609834
5.805881120107556
1.5909276673757695
3.6327100063211772
5.728866777863023
1.5847148008151035
5.741355660999488
5.759389144149493
5.752957499841009
5.801741085626662
5.764066410948665
3.722385529353538
3.6680387721454633
3.682287247713122
5.778419298399961
3.684577662487597
3.6787731594206363
5.725885858020578
1.5178234172482354
5.6719520999639785
1.5746632199429285
5.7468495125944505
3.600503616092383
1.6332688569905378
3.6362508685872403
1.5302650441436874
1.5580266316304514
5.762900666468448
1.5681388906986047
3.7180090747950443
1.6151461531828732
5.801597339349616
5.784386706295722
1.6067558425616748
5.797712966591833
1.6081304347796226
1.5395681397574181
5.69794336844989
1.6269604704373108
3.6401071427220315
1.6362809002310508
5.7758314609040005
5.746171739247832
3.6729154338672307
5.735004530475321
5.733392769133038
5.777257913465483
1.5819735703652125
1.564727154075313
5.730885568773645
1.5442946662062207
5.761269156933971
5.720813163978174
1.5622817701283094
5.673999070933433
5.720555619671608
5.799353020953126
5.727065018506103
3.6673835240164854
1.5575699143906805
5.76992439875344
3.6698889385890885
5.763041263039915
3.6654071546938543
3.638621174656597
3.666504397999039
5.793730832073871
1.5359848304874073
1.5599462771469357
5.743663662587325
3.6373666145304457
3.7004077639644004
5.784671672229264
3.6964285672369837
5.7510945024337
3.637421484210539
1.5815347304765868
5.802390835452935
3.7373276449231474
1.4984043747152342
1.576293650393104
3.718057705874877
3.6844148374567727
3.6290679776718835
1.5830952588642926
3.639235783641824
5.813004836443964
1.5830724748541019
1.544466978832026
5.782163162933035
3.697013445189411
1.5718747765865368
5.806283463780118
1.5813104537094167
1.5618044950975989
1.5328970401487911
3.626574103766298
1.5811458388660602
5.756703227973564
5.740951814788969
1.5603289065024355
5.730286653126651
3.656701054474656
5.765193276067783
3.651280560903561
5.720365874052357
3.6839876853371316
1.5301098118570584
3.6453920256616903
5.708520173269971
5.807781340241677
5.780731617808185
5.775612921035376
3.704574970564989
1.5697596487131231
5.758132439710664
5.781475373651327
3.6544195949823264
3.6927157189268165
5.749165001242043
5.680208692195441
3.6941332502351902
1.6203783268740062
3.6379132775544734
3.6712663653243163
5.781038000521453
1.5769677679114191
5.74321194777813
3.669169779678588
1.5777934044913464
3.660283197073354
3.6321624993369004
5.780151315574157
3.6257647297979783
1.5583675956544134
5.741869160262093
1.5426383448142027
3.64721624104057
3.715852094963988
1.6147373846621615
3.668148487485464
3.688460331944429
3.656210849212475
3.6830931013673087
5.7574729683267725
3.628711588342736
1.5486057260382347
5.775953561206875
5.7620275819981694
5.774206899760415
1.5501139351354183
1.58208875512249
5.743152466947375
5.7308030074097704
1.5207898015357926
1.5251972513026388
5.837805931649069
3.654488538018546
3.6846465131493042
1.5853772500104046
3.694174193002913
3.6785466659099715
1.5232551463713446
5.755739281112674
3.6848660437191043
3.6728747197216745
3.7437816193816076
5.740012006232222
3.714727760812902
1.5800382119682745
1.5374222670355995
5.73837860188382
5.7527359094445325
5.794098412152762
1.552622268052636
