Run	A	B	C	C1	C2	C3	C4	C5	D	F	Energy
1	1.5708	1.5708	1.5708	0.4936	0.6332	0.3253	5.0341	3.6030	1.5708	2.1620	-3.8013
2	1.5708	1.5708	1.5708	4.7136	2.7443	4.4037	5.1166	1.4774	1.5708	2.0936	-3.8073
3	1.5708	1.5708	1.5708	4.7169	4.6323	2.8610	0.1446	5.8470	1.5708	5.2232	-3.8094
4	1.5708	1.5708	1.5708	0.5140	2.7149	0.2808	0.8784	3.6023	1.5708	0.0465	-3.8104
5	1.5708	1.5708	1.5708	2.5838	4.8199	2.3028	0.8861	1.4659	1.5708	0.0236	-3.8031
6	1.5708	1.5708	1.5708	2.6408	2.5173	0.8509	0.1475	1.6762	1.5708	5.2571	-3.8036
7	1.5708	1.5708	1.5708	2.6372	4.6238	5.0509	4.3168	1.6361	1.5708	5.3166	-3.7973
8	1.5708	1.5708	1.5708	4.7115	2.5428	2.8039	2.3476	3.7257	1.5708	2.9787	-3.8075
9	1.5708	1.5708	1.5708	0.5012	2.7275	4.4267	3.0338	1.4728	1.5708	4.1140	-3.8080
10	1.5708	1.5708	1.5708	4.6808	2.7630	2.2859	5.1376	1.5045	1.5708	4.1346	-3.8081
11	1.5708	1.5708	1.5708	4.7262	4.6142	0.7271	2.3683	1.6452	1.5708	3.0208	-3.8066
12	1.5708	1.5708	1.5708	0.5099	4.8067	4.4388	2.9917	3.5644	1.5708	4.2231	-3.8119
13	1.5708	1.5708	1.5708	0.5424	0.4370	2.9168	0.1179	3.7832	1.5708	5.2445	-3.8059
14	1.5708	1.5708	1.5708	4.6858	2.7331	2.3240	5.1176	1.5061	1.5708	2.0810	-3.8107
15	1.5708	1.5708	1.5708	0.5281	0.4302	2.8813	4.3835	1.6718	1.5708	3.0679	-3.8098
16	1.5708	1.5708	1.5708	2.6097	4.7366	2.5723	2.6870	5.7250	1.5708	4.6510	-3.7997
17	1.5708	1.5708	1.5708	0.5031	0.6120	4.5095	2.9041	1.4938	1.5708	0.1377	-3.8104
18	1.5708	1.5708	1.5708	2.5975	4.7963	2.3017	3.0318	3.5686	1.5708	4.1494	-3.8086
19	1.5708	1.5708	1.5708	4.7217	2.4781	5.0988	2.1198	3.7477	1.5708	3.1955	-3.8020
20	1.5708	1.5708	1.5708	0.5178	4.8038	0.3057	0.8207	1.4962	1.5708	2.2008	-3.8115
21	1.5708	1.5708	1.5708	0.5047	4.8495	2.2874	3.0246	3.5879	1.5708	6.2820	-3.8096
22	1.5708	1.5708	1.5708	4.7044	2.6675	2.4490	4.9174	1.4921	1.5708	0.1821	-3.8061
23	1.5708	1.5708	1.5708	2.6556	2.5081	5.0506	4.2582	5.8257	1.5708	5.3313	-3.8056
24	1.5708	1.5708	1.5708	4.7281	2.5358	4.9315	0.2087	1.6485	1.5708	3.0475	-3.8125
25	1.5708	1.5708	1.5708	2.6291	4.6355	4.8693	2.4206	3.7480	1.5708	4.9879	-3.8052
26	1.5708	1.5708	1.5708	0.5018	2.7296	0.2123	3.0571	5.6897	1.5708	2.0301	-3.8113
27	1.5708	1.5708	1.5708	0.5054	4.8069	0.1653	5.1254	1.5009	1.5708	6.2688	-3.8027
28	1.5708	1.5708	1.5708	4.7053	0.6220	4.4948	5.0134	5.6748	1.5708	4.3173	-3.8095
29	1.5708	1.5708	1.5708	0.5445	2.5284	4.9476	0.1731	3.7746	1.5708	0.9923	-3.8088
30	1.5708	1.5708	1.5708	2.6263	2.5285	2.9536	2.2012	5.8792	1.5708	1.0911	-3.8022
31	1.5708	1.5708	1.5708	0.5565	4.6072	0.8760	0.0678	5.8288	1.5708	3.2112	-3.8070
32	1.5708	1.5708	1.5708	2.6404	0.4100	5.0270	0.1123	3.7549	1.5708	3.1866	-3.8129
33	1.5708	1.5708	1.5708	2.6218	4.7914	4.4704	5.0568	5.6831	1.5708	2.1399	-3.8101
34	1.5708	1.5708	1.5708	0.5393	2.6026	2.6453	4.6989	3.6606	1.5708	4.7289	-3.7991
35	1.5708	1.5708	1.5708	4.7303	4.6295	4.9981	4.3436	3.7717	1.5708	3.1199	-3.8093
36	1.5708	1.5708	1.5708	0.5225	0.5644	4.5917	2.7986	3.6105	1.5708	0.2137	-3.8055
37	1.5708	1.5708	1.5708	2.5940	4.8089	2.4001	2.9661	3.6117	1.5708	2.1065	-3.8035
38	1.5708	1.5708	1.5708	0.4999	0.6184	2.3391	3.0118	1.4935	1.5708	4.1863	-3.8120
39	1.5708	1.5708	1.5708	2.6089	0.6076	4.5094	0.8315	3.5765	1.5708	4.2776	-3.8116
40	1.5708	1.5708	1.5708	4.7302	2.5101	2.9006	0.1509	1.6722	1.5708	5.2787	-3.8082
41	1.5708	1.5708	1.5708	4.7392	4.6189	2.9067	0.1577	1.6631	1.5708	1.0421	-3.8105
42	1.5708	1.5708	1.5708	2.6005	0.6474	4.3934	0.9271	5.6568	1.5708	2.0683	-3.8112
43	1.5708	1.5708	1.5708	2.6252	4.6455	2.8403	2.2692	3.7460	1.5708	5.1634	-3.8081
44	1.5708	1.5708	1.5708	2.6245	0.5979	4.5250	4.9700	5.6804	1.5708	2.2763	-3.8062
45	1.5708	1.5708	1.5708	4.7367	0.4374	5.0068	4.3188	5.8302	1.5708	3.1661	-3.8099
46	1.5708	1.5708	1.5708	2.6082	4.8040	0.2798	0.8963	1.4631	1.5708	0.0064	-3.8090
47	1.5708	1.5708	1.5708	4.7139	0.4300	5.0043	2.2343	1.6347	1.5708	3.1444	-3.8097
48	1.5708	1.5708	1.5708	2.6078	4.8273	2.3048	5.1239	1.5091	1.5708	4.1491	-3.8110
49	1.5708	1.5708	1.5708	4.7081	2.7075	0.2773	2.9828	5.6869	1.5708	2.1216	-3.8112
50	1.5708	1.5708	1.5708	4.6941	4.8321	0.1962	0.9824	5.6907	1.5708	4.0948	-3.8105
51	1.5708	1.5708	1.5708	4.6977	4.7950	4.4418	2.9993	1.4721	1.5708	2.1169	-3.8110
52	1.5708	1.5708	1.5708	2.6196	4.8296	4.4451	2.9514	1.4732	1.5708	0.0253	-3.8052
53	1.5708	1.5708	1.5708	4.6714	2.7332	4.3785	0.9358	1.4915	1.5708	2.0821	-3.8053
54	1.5708	1.5708	1.5708	0.5230	2.7141	4.3975	5.1226	1.4986	1.5708	2.0448	-3.8093
55	1.5708	1.5708	1.5708	2.6145	2.5637	0.7244	4.4267	1.6696	1.5708	5.1393	-3.8076
56	1.5708	1.5708	1.5708	2.6298	0.4273	2.8065	0.2334	5.8506	1.5708	0.9295	-3.8083
57	1.5708	1.5708	1.5708	2.6453	2.4798	0.9186	0.0765	1.6546	1.5708	1.0993	-3.8041
58	1.5708	1.5708	1.5708	2.6093	0.4819	0.6996	0.3039	1.6388	1.5708	5.0243	-3.8033
59	1.5708	1.5708	1.5708	2.6521	4.6119	0.7840	4.3848	3.7668	1.5708	0.9501	-3.8053
60	1.5708	1.5708	1.5708	4.6997	2.7121	0.2463	0.8916	1.5064	1.5708	4.2209	-3.8117
61	1.5708	1.5708	1.5708	4.7150	0.4485	0.7407	0.2218	5.8607	1.5708	0.9696	-3.8105
62	1.5708	1.5708	1.5708	2.6185	4.6496	2.7950	2.3413	1.6603	1.5708	5.1364	-3.8092
63	1.5708	1.5708	1.5708	0.5499	2.4750	0.8813	2.1650	3.7490	1.5708	3.2114	-3.8106
64	1.5708	1.5708	1.5708	4.6955	2.6995	4.4228	3.0214	3.6137	1.5708	4.1565	-3.8063
65	1.5708	1.5708	1.5708	0.5425	0.3934	5.0932	2.1178	3.7232	1.5708	1.1513	-3.8076
66	1.5708	1.5708	1.5708	4.7404	0.4013	5.0308	2.2064	3.7404	1.5708	1.0622	-3.8116
67	1.5708	1.5708	1.5708	4.7228	2.5402	0.8029	0.1477	5.8755	1.5708	3.0997	-3.8055
68	1.5708	1.5708	1.5708	2.6220	2.5503	4.9145	2.3189	3.7331	1.5708	5.1834	-3.8083
69	1.5708	1.5708	1.5708	2.5977	4.8355	0.2690	0.8737	1.4682	1.5708	4.2373	-3.8090
70	1.5708	1.5708	1.5708	0.5253	4.6275	2.7780	0.3208	3.7177	1.5708	2.8967	-3.8032
71	1.5708	1.5708	1.5708	4.7131	2.6860	2.4343	2.8249	1.4797	1.5708	2.3162	-3.8029
72	1.5708	1.5708	1.5708	4.7188	2.5451	4.9170	0.2044	3.7467	1.5708	5.1551	-3.8111
73	1.5708	1.5708	1.5708	4.7186	2.5281	4.9592	0.2152	5.8505	1.5708	5.1499	-3.8112
74	1.5708	1.5708	1.5708	2.6440	4.5824	5.0183	0.1308	3.7550	1.5708	5.2528	-3.8116
75	1.5708	1.5708	1.5708	2.6201	2.4999	0.8477	2.1642	3.7463	1.5708	5.2651	-3.8058
76	1.5708	1.5708	1.5708	4.7153	2.5391	5.0008	0.1489	3.7581	1.5708	3.1526	-3.8093
77	1.5708	1.5708	1.5708	0.5570	4.5895	2.9430	0.0837	1.6721	1.5708	3.1834	-3.8083
78	1.5708	1.5708	1.5708	2.6289	2.5213	2.9076	2.2212	1.6961	1.5708	1.0462	-3.8054
79	1.5708	1.5708	1.5708	0.5114	4.8349	2.2722	3.0646	3.5730	1.5708	6.2085	-3.8116
80	1.5708	1.5708	1.5708	4.6876	4.8144	2.3337	0.9234	1.4728	1.5708	2.0581	-3.8111
81	1.5708	1.5708	1.5708	2.5655	4.8321	2.3289	3.0234	1.4688	1.5708	4.1530	-3.7978
82	1.5708	1.5708	1.5708	4.7188	2.5204	4.9629	2.2766	1.6587	1.5708	1.0064	-3.8130
83	1.5708	1.5708	1.5708	2.6210	0.3958	0.7776	0.1768	1.6499	1.5708	3.1236	-3.8059
84	1.5708	1.5708	1.5708	0.4928	4.7867	2.4044	4.9713	5.6780	1.5708	4.3587	-3.8045
85	1.5708	1.5708	1.5708	0.5283	2.5415	2.8506	4.3885	5.8376	1.5708	0.9449	-3.8106
86	1.5708	1.5708	1.5708	2.6177	2.5372	0.6939	4.4920	3.7417	1.5708	2.9598	-3.8068
87	1.5708	1.5708	1.5708	0.5510	0.3908	2.9590	0.0987	1.6358	1.5708	5.3059	-3.8090
88	1.5708	1.5708	1.5708	0.4973	0.5728	0.4317	2.7606	5.7411	1.5708	2.4323	-3.7967
89	1.5708	1.5708	1.5708	2.5926	0.6205	2.3718	5.0123	1.4824	1.5708	2.1576	-3.8086
90	1.5708	1.5708	1.5708	4.6774	2.7020	0.2744	0.8699	1.4952	1.5708	0.0251	-3.8075
91	1.5708	1.5708	1.5708	2.6307	0.4356	4.9943	0.1373	1.6367	1.5708	1.1207	-3.8047
92	1.5708	1.5708	1.5708	4.6863	2.7005	4.4640	2.9787	3.5916	1.5708	2.1006	-3.8100
93	1.5708	1.5708	1.5708	4.7117	2.7167	2.3083	0.9396	1.5129	1.5708	2.0561	-3.8079
94	1.5708	1.5708	1.5708	2.5872	4.8275	2.2797	5.1484	3.5874	1.5708	6.2325	-3.8107
95	1.5708	1.5708	1.5708	2.6545	0.4004	5.0403	2.1718	3.7563	1.5708	1.1046	-3.8085
96	1.5708	1.5708	1.5708	2.6201	2.6837	2.4464	0.7409	1.4835	1.5708	2.2771	-3.8068
97	1.5708	1.5708	1.5708	4.7286	2.4846	2.9657	0.0870	5.8505	1.5708	1.1043	-3.8114
98	1.5708	1.5708	1.5708	0.5539	0.4233	4.9914	2.2558	3.7521	1.5708	3.1243	-3.8112
99	1.5708	1.5708	1.5708	4.7434	0.3776	5.0180	4.2793	3.7480	1.5708	5.2371	-3.8025
100	1.5708	1.5708	1.5708	2.6481	0.4041	5.0077	2.2328	5.8346	1.5708	3.1333	-3.8112
