4.404709206734795
4.22218931038009
2.2469293321770345
0.9864160582931075
2.2850891198025876
3.074198203998742
0.20634300583308166
4.29846710079206
5.063978995467432
0.8385100004908744
4.290649254820619
0.9251560948619034
2.2093356872303755
2.603518167011575
4.355582055974105
2.856415380272054
4.351563826647137
2.077477606896458
5.1642988055557275
4.285142051526869
4.249225787394572
2.179733322137848
2.226294157338662
5.033304707157749
0.1407379144803181
2.32408794126649
0.5083778035545619
5.022520898590896
0.989415195905846
4.376417160478936
5.058317251199513
5.199170440745989
0.10082300713585031
0.8177893550784916
5.091801631709713
2.9666257926455764
2.9990955999410396
2.9853381871511804
2.349999218264927
0.13666586644838785
2.999900415502054
5.038671479052531
4.245026462043323
2.1007804599856885
0.8939235908400486
0.9794301380150726
2.230106880099197
4.345281835661604
2.169586381831779
5.151768215089257
4.710904775264325
0.1267980777202415
4.699631234844552
4.301824864327189
5.110751650733796
0.17076247963622515
3.143544446977759
0.8948136144402602
1.136992043075681
5.188061772581712
0.8762412412753109
0.8591089805439687
0.5641286288096151
5.131015222386334
2.608414352217836
4.250735388819125
5.185241581944765
4.2702189663802885
0.006481544219491625
5.03623621242988
3.0867001276197756
5.040487277922676
2.251355826423881
2.2079442568422785
0.818037065801518
2.2142087456716153
2.194199204952867
4.295997105961605
3.0249580360265336
2.961044782077715
2.6258442870245045
2.2778897835236265
0.23303326547752692
0.5596366450287442
0.9306239103105068
4.430625478648609
2.935067827004019
0.9215253368953841
0.7905536663809412
4.329373222530166
5.106338756388825
0.9823390272282837
3.0209730764369604
2.1786555664382665
5.016257379070343
0.1359787225909915
2.845779223438732
4.370615198545992
0.7771199506534575
0.5015795014389408
4.77617743221191
2.907623190548065
4.342593841393484
2.2903899714834055
2.9213221959073885
2.2518486838384058
2.2214201250437884
2.9504516096422155
5.009552229394577
4.653985151703173
4.4090592863635845
0.9350954445755562
2.421492644984902
4.349032839809866
0.12352256487469591
4.27980264316968
5.137623355115998
0.1292219593025239
2.983543535201167
4.304959625960731
2.264652803481729
5.0232553014805985
5.121605677198629
1.0227486940075323
0.04551147559374637
2.2853743479499076
4.775651739784077
2.3284042438550943
5.025204565500737
0.8922596611571586
5.074603722056231
0.04264419075527777
0.9582637669704366
5.202348811765582
3.0001649624101057
2.181023078930755
4.3509732879605965
4.719093457199514
0.15025606956018794
0.14262082847831808
5.0727292371135615
2.3043077375493066
2.898255383775724
2.225407464458026
1.0427483448582113
0.9166013571298863
2.9872201783704466
2.9892507535049293
5.1804254564182814
5.094738735179403
2.965683446696276
0.18389554953270637
2.335135360037356
0.9928511706152185
5.112995067583618
2.26780064876237
4.684029141012499
4.396743739396643
2.236397688562977
3.0366608597781393
0.0313137964154493
4.384641559509446
4.950868166403709
2.180694989030556
4.6197078381653025
0.9492880747694731
4.294629462870887
0.18367727186043437
3.14848995094566
5.106834628460502
0.18417266806904126
4.267481117794658
4.3999741417831215
5.147647237386547
0.1183511313343152
2.235300865474686
0.8309277778412972
4.315303670806533
2.07536031104464
0.03168875545101464
4.198667544011754
0.8591813544458702
4.4650755623941025
1.007265227221057
3.022432820211181
0.8784633069585293
2.6394822857121056
4.630596329069916
5.050842028176615
4.440216861671965
5.016873805929376
2.309350530383534
4.232882882205019
0.9011673007857358
2.2373105995157223
0.5955493545015312
0.8982491802892965
3.1160392769347784
2.155145247563047
2.9794083254187855
2.259815121715234
5.158234418728297
5.138756921408854
0.21777467359336655
2.339337044720715
1.0274437213937395
2.2100652159136014
4.779752270515878
2.5790611617181844
0.8985761996354291
0.4707114086919133
4.2430403420352
0.8542365938092656
2.633769931916245
0.8656904458258412
0.9035003245954748
2.2741492820194367
2.3305493099346757
2.232009992159444
0.15578643183482008
2.1457185209390635
0.8296473196863376
3.0724893981873707
2.2035040918155846
0.1389738042533825
4.384437396797686
0.8298806642534601
0.9299144439645208
2.9855792124991622
0.13276959670312538
2.980165221945643
4.372063107815807
2.243418678718706
2.8810252533238203
5.0057898462761
2.167393655950949
4.4639433273017755
0.558263276243415
2.2386560542460825
4.417895409206678
4.392997500805853
5.146977593263374
4.729857218122737
0.5838408929757394
2.6708907220763645
4.279237082205714
0.8744778814022595
5.049263252853474
4.377505274876773
2.216401121467436
0.9289784314190415
5.086576982408446
2.9347167016539926
5.1413622627778635
0.07753884143271349
0.9152615770959937
4.327738138039253
3.1374122407849607
2.9464236970736564
0.11166648765928577
4.212262179375727
0.07092313230018871
5.088569328662785
4.357633123245342
3.0661964042968464
0.48682810884937966
2.236985742630251
0.47982353265182753
5.0231709341354795
2.2088082836121075
2.1878507031506604
0.9847627314917005
2.2432387706041683
0.018928873516997458
2.9042734287197134
4.713120807869391
0.8874546272498558
2.8712802270530906
2.6076540712380076
0.6119008822646891
3.0803509270959393
3.115881934101792
2.9518597450131265
4.338339139070925
0.8627468611291939
2.193340691346855
5.061355293756243
0.1437385363744786
0.7950999452130362
3.034419258643785
5.135843405208013
2.1743187712832746
2.3003390859924835
4.412096308959656
0.9196734883335979
5.095572628531044
0.9623921623574645
0.14392372101572093
0.9663666291167012
0.07153811764285802
3.025173398794436
4.315706938413864
0.8812549379728436
5.155585741376464
2.9273639939011042
2.9980766634030367
2.2317872402604304
4.417416967340145
0.09591261834621437
0.13308072072299254
0.16772633983194668
2.9379372184705117
2.8852732554915237
5.142674262710974
0.10755161327575644
5.160926794679242
0.884911024884837
5.059972393250113
4.280352810266425
0.8028562218379218
0.17390881965455685
2.2379216865059672
2.964792185751257
0.17396704763608423
5.040038279744899
5.181290961059847
0.07464439543685181
5.083009788914123
4.24591155782821
2.2654377967072556
1.0495768975087647
5.0614463107975896
1.0054371971666085
2.8596775756450072
2.956093125025395
2.1957428216217805
0.9319861941763268
0.8496429503131492
4.69643867885674
5.145269471327837
0.045789406858943074
4.2791325905016455
2.307709150024544
2.1569908954553516
0.9257314712119639
2.2524629004098173
2.6625484470655136
0.09526642564363083
5.114240597846944
2.9788592799648717
0.12601168266524715
5.0763223358190634
2.241968853728927
4.390428342002955
3.045942125883244
2.2673035927147347
4.22842504895302
2.1822310037525097
2.1454532085226745
0.05959824758874183
2.6343221898255007
5.5526051636821006
5.455380954541774
3.542001753250906
4.676706630108259
3.275123205397676
4.506622328751672
3.730743762694038
2.0937749201722204
4.503996903896295
5.896619442608931
1.7090405773519182
5.450308649349941
0.3518878355350227
2.296167203070723
5.474367285249585
3.2854724236779926
0.15176797047277027
1.3054198951066793
4.179723944866369
5.101966144430521
4.363973248751999
4.798531582521261
5.634456506009037
0.593459487493042
2.422345609797184
4.941274200739789
0.8746783628164588
4.2759060370291255
0.8141246723211802
1.9201193099107965
4.3661262056578725
4.907460171146897
0.16587481271974697
0.060479550773962616
0.46263507075866983
6.278883127165465
0.26947289519304585
5.306373243001387
2.0781754630158265
4.684871479066482
2.208591824635547
2.627978426239006
1.8326309756394217
2.42771001355617
1.9165671099135049
0.2616082021137904
5.442492709090611
0.9624169109230997
2.5131803142056834
4.3024371869069915
3.194010059743168
3.24854909733299
3.9323173506714677
4.782055647706386
2.992859751026482
1.5042657578005765
2.34750944059007
2.978942163112706
5.655377147544923
5.256901319108725
5.329734606492379
2.589077322059848
0.8752668115055879
3.3111399974042692
5.95153031296606
0.5961395673242726
4.436648034905296
4.0591870268411165
5.511004883473544
0.32671315202536627
5.25688681717614
2.433947459328609
0.21711489707620585
3.5878507662286667
4.4869117347580145
4.013661645851203
2.515377894934814
5.367270137192476
0.957229003044523
2.956695294165588
1.1081567293105707
4.832407889339178
0.2736723379212746
0.5551972648435732
0.16857952239034837
0.6192120230058621
0.3082283842985525
2.204857178797591
5.768772925372796
4.537143705866947
4.023912624082844
3.9484512872610753
0.9283426807597388
4.897464556579244
2.341452734936378
0.2821377931137329
3.528522638940235
4.949377743962386
2.6094918496396815
4.455984054642805
4.32365867212855
2.4319180110090035
4.474426214291733
2.3960976761525674
3.445882588468166
4.621787744279089
3.951483964125161
3.0623031451751492
6.114799066510021
2.581509131534783
1.7357799700289345
3.763651025431525
1.9253558981541874
0.8173153550165079
4.201013235008987
2.182028815095882
2.5925386920741844
1.6664782189561707
0.04113820799795292
2.9587283660370747
0.944672147820412
5.266473028844605
1.5904467940457265
2.878319155268617
0.14337824416425993
0.8916117795037846
0.9661706004805433
0.169101438523179
0.4536261097050844
3.058406102878943
6.126937226658421
2.6408808044781877
1.0710035149531143
6.215701096810323
4.5524418346631235
0.0540072112137654
1.7001607127651768
3.270208792237346
4.857685724767612
4.363645323415352
1.1935097812945024
4.43099215361599
0.1948217168025281
2.4655329284410796
1.1385342755298606
5.702357568190223
4.442100659511735
3.7892035866639326
6.187967301216291
4.806629146805593
0.26034895771165956
6.22799916125792
5.335441803623081
2.1820744006950954
4.9957601128880675
5.112838952984219
1.4970860287467656
2.339370452035171
1.6069033518575258
0.7469676402359587
3.8710339189913214
5.631016997280156
3.4524426857562003
5.814624943906926
4.111354084580408
0.8186234134315579
5.331626014422952
1.2622926487270538
4.333247873512002
2.156876618194625
2.7151817243171226
0.28960984522689576
0.206620771908068
2.1042105912577935
4.477283376820316
3.3229731657810553
2.574323940018424
1.3613096503921205
1.151287182648327
4.7025603873802115
0.2632234455672531
4.593049569436267
3.122937509151863
1.9142782380241659
4.75010553145588
1.709593557720065
3.3712361758139053
3.265259865127299
5.462385875050529
3.0456606262704335
2.87821548040491
5.5877559771238765
2.924922238108707
1.3785676856454254
1.4944858327173542
0.8263950649706097
5.424447635809678
1.4320696323296342
6.282334992692481
6.280360042532092
4.804062631775481
0.1233068913315272
1.5124320099708897
3.2576022116265264
3.319885621433645
4.9117569056523
5.472299052193413
0.3113670305611202
1.4490333600859393
3.6009687649889157
5.667605677461637
4.382276747335276
5.2969735481571245
0.6353094704073718
0.9126763267093458
1.7839703224284587
2.6404383332784573
2.5241530625681072
0.3281857541564067
3.4468845002517314
4.502352418217424
6.115269530944146
5.109654354913689
3.981164973428661
4.229717831235765
5.3594814952046566
2.55548954227879
0.7287402440660967
4.879226944956168
2.46488205111889
1.8987815684116085
5.43276789125562
2.044755094329801
1.4553451287145422
1.8399378446324726
2.980745304719842
1.9722017421863662
5.070641966552629
2.1572210588464182
4.01511969146303
1.5111292810683308
4.497996284346179
4.968586221329334
5.091652676424128
2.103985182353772
6.010846173452852
1.1660723812973541
3.212100719772474
2.9691021382018423
2.634565860595753
3.234805919733758
3.976268360535175
4.270308600952392
6.064750914734565
5.4204042554135565
5.085386101354603
4.331325779617399
2.8797305256423287
0.1966244713698826
3.8178623172678154
1.4969454028737725
4.171776397962204
1.3907053226268027
2.94771884872673
0.5092249087450966
1.0807148424968969
0.7052914040364053
4.092592307656676
0.32797836698622185
1.7460257975345241
1.7051010659019774
1.592982494001981
5.889492301676197
4.643536132338376
0.9679518204207858
2.43394636337072
2.352389366920559
4.922077111549458
5.371054610168663
3.785053151107546
2.2583261205991514
0.19920848595636298
2.2549898160865554
2.0725617319273493
3.5977457629540637
4.27872602696088
5.302193438314545
4.338147549251989
5.642751694249693
6.228400897202843
3.6883437002749324
2.9499075990459542
3.3939451916803804
2.8147360535051726
3.5182020485475665
0.9821742683199127
1.2738652854228945
1.3770443411278404
1.6990846015154395
1.6999558653239513
5.71556059550689
6.1238608785183555
5.447732093995166
4.096274202521562
3.665375627196016
2.731613250202422
3.1506764474545608
3.564303975854007
4.936303758610214
5.928358497316203
2.8268593592162636
0.15100582839899152
2.0643544773496085
4.601288399977995
5.793621137971213
2.652901683521079
3.372949530006126
0.08626537470855535
1.688512941406259
1.9487094889493204
3.563328838841871
4.598966274368546
0.9393146909066621
3.027203301915802
2.0909007481573267
6.22824197618966
0.12314350376136356
1.3374751853430413
2.8651975104329765
2.417396545914327
4.017235904093432
4.740838851609909
0.6562002768156395
1.1149958512527123
4.912602527404317
1.0723937518128976
0.7617778106509475
3.5398397414417326
0.10965021246474059
3.3498640846799512
1.271476206083751
1.5933881775440304
2.474462692944715
2.4344977620290997
5.268215159589868
0.704859452047462
4.020824387779762
1.4009934413370182
2.900337849276002
5.409777103856017
5.298232630719879
5.3957301221734655
3.7758808334701857
3.550260346949859
4.732229289904305
5.03857822421185
4.425483529158748
4.185112436603009
4.877596678485172
