4.2959956490825455
2.115641608374871
6.190008133706924
0.9010082409059769
3.135035522501779
5.150718279166537
5.380476099356004
0.10108019306117728
4.790397180735475
2.1995079503548545
3.1174197933322563
3.0301386767388
4.745826482979619
5.258393462099381
3.1291550083948105
4.638917836562236
2.644693963952398
1.0713771409753208
4.284700878813973
2.263657092821186
4.949178168702948
3.0573618564858602
1.0056482107266973
4.678238579370527
2.1515011891957405
2.92112162329313
3.167739720721604
0.05049772279947767
4.217121985208256
1.1471385011272386
1.0927994162546792
3.0327584904861156
5.135995071293051
5.179424018825813
4.179142390394217
4.407854154646499
2.2354789081649127
5.039770895253428
2.951528612746812
5.065046102136548
4.263170022292776
2.164558534742661
5.205883481607559
4.339760545901945
0.05620035264372478
4.325695729582968
3.0806603652673545
0.8459760878409897
3.2746516697924153
0.02868476872326947
1.031828566546707
1.0187343255102699
5.098516491772037
3.0580602445948193
2.1687031921341293
0.09167741152412107
1.1222738618130235
0.6054609507821098
2.0839444637805267
3.0867956274520556
5.139806552714642
5.099840920309907
4.275080818567296
3.2514595865881297
1.1063996821626239
2.896227609123682
0.5117190427372724
0.09304072964746302
4.760365761784857
1.8080702940151119
4.666202309458597
2.2295439494993774
3.026030458090261
4.259984604311753
2.9809927954292865
4.684586765088516
0.09143389682852181
0.9258485939888659
0.9175084140909938
3.042261603293686
2.057369345949764
2.951714797853264
2.015661549806494
0.958623120059159
0.13324384864389088
3.0184118215863736
0.9632864590275599
1.219891451932159
5.131745901301882
0.20607829724754428
4.644246600812911
2.184206464194923
4.694996057818695
1.1208339706314523
0.45674830709558484
3.239257753532917
3.0369446042816124
2.1400386167993894
1.0912509433377784
0.22886114503190996
2.1176173771630795
4.663753810520651
4.232184125690358
0.8192878231568037
3.106490546988957
4.14208618640035
2.1618703433565014
0.07145585205266101
0.6368440676263012
0.896103570723878
0.09398721942976591
0.9805305332158623
5.276991747044323
0.9200784180496857
0.13954474153668053
0.17978518554100592
0.09296210695125051
4.1988178452134965
4.213271155489827
0.8189630976885691
0.8753351608531801
1.9572737559541138
3.149616637719294
0.834515703988065
1.1076131054027902
4.241289943145284
4.330386087088068
0.23358052600603618
5.132375458163468
4.174316742042127
2.1978188670027943
0.05838895547602646
4.363383343033183
4.350992170792071
2.1257080955371
5.261069295658012
1.0063782203036236
2.1402726121040976
3.0008719395728214
4.249467763833315
5.13027979122596
5.265093536666001
5.110134011952876
4.201862912682893
2.5410052244285732
0.06302877864111639
2.9948946840457595
5.154467544999576
3.0045499030372267
2.1704876507300694
0.972411287510317
3.0482140149720958
4.7467308091630676
3.079516154643907
5.176635638687834
2.210277969535844
2.033517479305958
3.176556046623134
0.9367093434049037
0.9883111736095886
5.070806554899322
2.0841378986914005
2.9606816735062713
4.4181587192450955
4.087981596592225
5.057653951644264
0.10011853406271214
0.9307697812644328
5.98853462986178
5.420596029192368
4.072772391459472
0.1492521124973682
4.4340615903900655
0.0631387979854941
4.342633013700611
2.217407267615186
3.097815847178461
4.715228421962956
1.0574909733079683
3.0171358219676745
3.0944435097164273
4.1993936874553315
2.154422506076814
4.283808346321213
0.8317365156252509
2.281772542639663
0.5358695090806713
3.0198022228168973
0.03941591399812447
0.9164550472612972
2.911987294290455
5.144224182655268
0.8674564410365968
6.175667530876473
6.264712336797427
2.986194791749773
5.14714786756164
4.761466800958098
5.279002904733116
5.214433016641108
2.934116969028556
3.162126000359727
5.064178585563465
0.13018125856287124
0.9974199116644029
0.9812759117317897
0.0780330506041862
4.229562374490676
0.8945278546835373
3.141565912891785
0.9416132810940847
4.319246862932332
0.8588774929543245
5.315774142196649
0.19709094226705295
5.244319270979696
3.0556216626052746
2.191733617922183
4.219466357997976
1.9738976025858719
2.1814895287531937
0.24718524667885697
4.214701948099621
0.9914203963002077
3.130630589747219
1.100689223508952
3.1976654162170144
4.728857368118955
4.1523058552906456
0.9643021215267821
2.6240344969393803
2.162346416393223
0.005250477803308548
0.1496163065493003
3.1075030155171017
4.191415215400423
0.8815199714077118
0.05073062173360955
2.049252088777355
3.2902968665724734
1.0828322816260472
3.0686777619305765
0.07482950174446351
5.1914606417686615
5.217776643445744
0.2297651102521921
1.184309815905368
2.6836369050352897
0.4812326798050814
4.275042511740835
3.1858497799678824
2.2879655987207794
1.005424868464438
2.6893019596016168
5.163678721932158
3.1398150650280123
4.330789711787893
2.194089561053275
5.095639976833121
5.0671883732891905
2.230953582530248
2.1432353848024346
2.6774312024584925
5.307910217763556
0.1028805919586449
5.225444249916263
0.5359187380799417
2.953650478192299
4.181504684188113
2.1441183870624756
2.997228455191865
5.003781183385272
2.2223471166892206
5.171913726315905
6.1446200191704925
5.246342585761377
2.914120445047093
0.11442264107879924
0.16839027040331955
2.1656195991047484
4.353835642836644
0.15942315194084689
2.319609084334409
3.061979215189099
1.328515828649185
2.265891435163426
2.652310032286037
4.239232316515156
4.319108863442586
5.354989341956905
5.29169542163391
2.0458122809115826
5.1306250926506625
5.20727393377031
6.266238796598764
2.1155523253314197
4.15493274001092
1.9857789025293788
3.129139476979662
2.1876471603090524
6.225879873096119
0.5554708399364171
0.04821155404638994
5.337436177991847
3.0764496338067135
0.20803599935824696
2.1664517510066466
6.13534293815605
5.167333619853646
4.351386617509401
5.221464108369856
3.026666060587374
0.9898976435253383
3.055615886735915
4.202489645004424
6.2716847139146354
5.094477247185574
1.0223962426141144
0.650300835745792
2.210171710425197
5.160477744957709
5.126244628015888
2.12126513759814
3.209332845078652
0.4663568706154227
5.214406093910223
5.315441215035413
2.1265461325563386
4.269041279337885
2.926371112139026
4.07298179300786
0.14523527022991473
0.8326415718952761
0.18601325123372348
4.185422986644869
2.997236873959417
4.185197994513098
3.1819587245628256
6.277140889229337
0.5850937494094441
1.068046678166673
0.9442309783750892
1.2415380524851625
2.9674634253787224
4.240391327279262
4.3113729420721
0.054745180276375
2.5743699988450475
2.091214238405946
2.117259357517125
5.194185555433662
4.09153220375423
4.2482382394909655
5.1208001050790255
4.3029201250790985
2.947841157620226
0.22305016031579766
3.04309275423111
0.9071509670510651
3.1443515472885926
5.573677810700458
0.8489507006290352
6.076435669102192
0.3037664973999548
4.403846295095641
4.474757134850846
3.2949834047841438
2.0067049463199385
4.124058389408525
3.941558223032959
5.642423038187682
1.239329528851838
3.0607909558080832
5.1617875372745905
3.499811190469847
5.983276735724295
1.2455241415130942
4.968413425610257
4.04999361526229
4.247588772505261
1.1902532801283874
0.41728493831717733
3.155661895670556
1.5687124318906454
1.4942437481832909
4.629297779262075
0.9604287444311427
1.6812959488725114
6.1550311584004405
0.7488289981476203
2.7847235760470737
1.090641894729893
3.119089610947017
0.43591041429956257
1.3763923558826903
1.0075597123715314
1.3441986268276214
0.8179723597472516
1.3619711149021079
3.3511890968146925
1.1727066363950538
3.5330643769973737
0.7137842276743648
5.780444923162613
4.886189312207068
0.42254502015338613
0.5422176248025842
2.3023387496768164
2.8753183419007966
4.666962547518987
1.0614730253970306
6.170486827011956
3.5121645330583866
2.7351450529819816
2.7777250354715486
5.566255923149511
4.7502858488076924
0.7669095409343931
6.1550342351780865
4.073377827653939
4.894268496303215
3.852898671413072
1.041262897044155
0.6715197922870588
3.873573348861099
3.6863924471050775
4.151235278466651
1.1785666375372545
2.9655747786314577
1.7179177738726095
6.242290309880187
5.116203280354917
4.836785591252441
6.042773159351176
5.512908425906036
1.0787493789780165
1.2805199559338616
2.23292453796148
0.9562105040206867
3.6518884030425562
0.7937256796864505
0.5784022594273351
0.8684470444151947
2.341608636454474
6.119384679502496
2.6671982346272824
5.1437901249409705
2.6176770460440975
1.9553456684501342
0.9819055472457556
5.110314863141074
2.253622943600138
3.3363584665451045
3.782543376443648
3.3741939478390157
5.009918617292225
5.450255221767123
2.3411071424661065
3.003603884991753
6.1598137622127735
6.235199490114387
3.6531256511259995
3.1640208027760193
4.6563331028403185
4.403405332416674
2.2169299093532553
3.8219320968227932
3.056737112061679
2.2099221816220607
6.045518090966298
3.4936820541045037
0.8680633272199277
3.0212368678369397
2.4110671070468612
0.7835850991169592
5.50770461842192
4.632808396571355
4.861492810996083
2.5846884488678517
1.4454918170225484
3.236445169478887
2.3854725462104436
4.332617612508395
0.1066396565504186
4.440451789375937
1.8225954006171294
1.8673860680839944
4.566955628449254
5.315540103044727
5.465804212438097
2.542890808963186
6.055597326909965
3.644000316676554
5.017488959905871
0.11851830497175202
0.6625946920334559
4.874622160405402
5.669643707660946
1.365107603465351
1.3795487775243085
3.8205825981481625
2.8310637359972426
5.550940427715838
5.19519480506419
2.7647359136685905
0.3284205196118649
0.9734349794236093
0.051453157159954986
2.0030245517043532
4.8631005974211465
3.9565384496502545
0.22467073262362033
2.9605447861757948
3.9953562205418494
0.765586802242873
3.0271274011363207
6.015893867827262
5.353289002320723
1.317105397988942
1.9208576220009304
0.5943636908599071
5.6577230744204465
1.2047866901098454
2.6035231072548384
4.978272936585283
3.0061925134727208
1.1263271982103504
0.5309533332026815
6.244246183691511
1.41426416760685
4.555462237574736
2.658439114529089
0.7191831512315298
1.8105687935346664
2.234081214844032
1.4605053302086488
1.4013973255987646
4.680891723588527
2.500642602854844
5.441634809955814
1.4167895575341443
3.8556766584809954
6.115181584452183
2.2444255369243638
2.277982729778121
1.0234431861619147
3.4823710632441234
1.7688153658005863
3.2086193858908483
2.5487890636978587
3.408546943662886
1.6347528746945426
1.5359972079633912
1.7711704523804415
5.435209746027381
6.242818379284493
1.5403014886584527
2.8613671760908956
1.9179775036019238
4.097742163187096
5.408380700454698
5.083616842212023
3.585516771940028
2.2235920454040694
3.345795620661507
5.204597354923054
3.9753134943312642
5.1656320230040755
2.5528479218040476
0.16554967802971254
0.24391383603028222
0.08209249542447446
4.28484034024941
2.9749592256098913
0.27709315115519334
0.5333022456658709
3.4235531320275903
5.387471294596056
3.3720955215263224
1.4500170169588802
4.001506221886852
1.423744998426625
5.06306344886676
4.984706990469707
1.1025933015287086
5.30504475273376
0.4738665276525659
0.4514665531975195
2.20027664884478
1.0855818694793231
4.639089246401662
4.373872533754676
5.009699064883911
2.190659647708191
2.850941991096134
4.795125406273765
4.722422371154457
0.908077833289849
2.4117718584948573
2.0094821921919004
3.392923741848304
5.954047938313922
4.400533118157005
2.044087723974815
5.57690629422965
0.2732288829584315
5.997070058650684
0.17434433782979847
4.857702100303989
3.552161010350929
1.7811438762479388
6.054604458255052
2.8741306549703225
0.7806573944233978
0.6437762328613719
6.181827290599815
1.18875556437695
4.702506717819656
1.3849569064673957
5.753712363117854
1.9665555461773396
0.2882875863734926
1.9569788527151433
5.27878224168621
3.485229766410052
1.4954306192760018
6.110240037810582
6.137378671411415
2.068754611935813
0.3493241738586857
4.035238465215685
3.9908895439111527
2.241876076155709
3.559572774985855
1.9856739912952845
0.5963021692631743
1.4161522419864017
4.590729541186023
2.982863347990985
0.840245813894882
4.97173611053575
5.510735026363256
0.5060789737457666
4.05645834563035
4.559123679705871
5.678149878980894
6.254666319858977
1.7524584382951989
2.7465446435147567
4.724330256498875
3.255202584095729
3.907376836224713
4.62976564929493
0.4473047617073827
2.3454999781052432
4.579113293396067
1.7208116905678266
5.323827557899723
0.15407570932162376
3.296391521629029
1.8403973449992768
5.937953503057233
1.136861985182331
2.8348805314277783
3.1518081746345628
0.1757887017322867
1.7160351640999445
3.0825063387969385
2.946793852271866
5.970335635178563
0.9244102699686536
4.107920487121186
4.815895944111317
5.705394266486639
0.14544976829981643
1.6495603009198603
2.7354990824265717
1.0699413840824963
3.9239047665073503
4.421970331686591
5.909821855097336
2.901385162939864
0.20986881171158686
3.169541590156288
3.4071541529576588
5.293021203456324
5.7082444991208465
1.267655656932109
1.074138085219563
2.683946533982425
3.8329688837762785
3.961929089642027
0.6414100004637372
3.724548994130731
0.9343261429566737
1.3045384317018194
4.508682846507985
2.7510211622782275
2.206762123003742
4.014151586854988
0.6144808178507142
5.6982414217724635
1.646627278803169
4.212954963560906
2.525618302489141
4.669776587441136
5.5401524799330835
5.292951743935371
0.24505918618300335
3.9105481538989473
1.4047860440881104
0.5298421301337514
3.5739686021195958
1.8604886569142924
4.187255869582977
5.481706720595146
0.30726984538274793
4.399725822792912
2.7180109592835144
1.2423342779783957
