0.5214092222485821
2.6659099442134573
4.750362213511724
1.4792847362274844
6.0589172283228825
0.5057556942554635
1.317370490815875
1.5349739584967783
2.5847526373925347
4.708238581997686
4.697810442474217
3.695233379847285
5.511169659133974
0.5422872805467104
1.6154400254885442
5.569198364463143
4.6924248962150195
3.694617976683465
2.6415665843585865
2.6988970389996294
2.6131652256675544
2.658017817303655
0.5026750106232915
3.7712045423370633
0.5061388940135165
1.4156543471651426
0.44681712801604834
0.4994242711293106
4.789250688670671
5.608714606318046
1.6505660052827533
0.5034582948135917
2.6017939873835587
2.598993812069495
1.6339967681138199
4.661703277915856
0.49270440538492843
5.732178787899042
0.5581877123970835
5.758804291505742
4.69817291373117
0.5791938271233465
0.5407614255555756
2.6339812796733133
0.5191502605747653
4.709327233163412
0.5798669695011318
0.5040656908983586
5.618231989226935
3.7939934838524705
1.4615127545469122
3.7419298392396114
0.5597758384414216
0.5073758285823355
4.717568076445496
0.591787767477022
1.6096488474728152
4.711950357296808
0.5222335047495268
0.5778861657281281
4.728902316316109
5.831169295901291
0.4805402525330115
4.65533123660805
4.656668735398355
5.811372624984328
2.6620138826743687
2.6401100143984007
4.69358482831831
4.678466534796789
2.63551546910436
4.719255667818633
1.468986234083242
4.758465909635869
0.5828966109292457
4.701068793883731
4.693355346342515
4.659595639946487
4.6843267565759685
5.428276048590033
2.5914507318458613
0.5162509251374319
2.5840536808310786
4.754464442215874
1.6341526427809923
2.6687027038925346
0.524824231445796
1.6650425962238051
5.730298000984288
0.47889177871585853
0.5336375349352386
0.5296440785289653
4.698922256171106
0.49118911215947925
0.4679531917911348
2.577844566417404
4.715992134095506
0.4573830800506788
0.5755579223652658
2.590145421879808
2.615966811430102
1.590376325843177
0.4672353333476035
4.731886374376101
3.857696785441381
4.7304721805776735
2.6008122396287936
3.7334169982327223
0.5772222041570755
3.5810574702672033
4.740629179151547
5.942195745327515
2.64767315545937
2.6358575480615114
0.5252257637255966
0.4878719947649365
0.5508733817143571
2.629375674962131
2.6039624436291446
0.4951745408667569
0.5338794204710514
2.6106931332539456
4.690218022624714
4.710954836082354
4.717296317194295
2.579110399935182
2.6069204656501896
0.5416966740093332
2.625131484146488
2.6207396695831666
2.5675112646997604
1.3820178020861993
4.73099280240334
4.6512468178890325
4.713579118063062
0.5444351205671357
2.6401173950598835
0.5540536268087817
4.676623630000811
4.744562274447915
0.5320290365443991
0.5526700315422973
2.6147897709545584
2.617744394032075
1.7192978647664583
0.5578921564807532
5.844586323026592
0.5977646344700647
4.735957692473731
5.810094376579283
0.5522143459617348
4.739005895627476
4.759434850034744
0.5403635019155912
1.6704594581229
3.7868554949551294
2.604341140474239
0.5658373835968781
3.709780157712832
2.6661748782354806
1.3323093241205872
0.5338697674304689
0.4979041832954776
0.5649070361874879
2.6360341400540546
0.5674904865531268
2.592621581717331
0.5197412371664515
2.5625418590156284
2.6218215542213468
1.6821299390109399
5.610987277804533
0.5778286649675839
1.6679468586419541
2.6079206169980247
4.71577703185498
4.718613335417719
0.5504859555662395
5.711041282194878
4.728360639550059
2.6232505605381142
3.653192218868163
2.5861953511700304
5.5807697444190865
5.955760741853798
2.6262109747614693
2.6269523690237855
3.59641053116267
0.5405714552940042
3.54058546131382
2.631146262898635
0.5333876777421543
2.6487225509783983
2.515189823718861
0.5391177762720772
2.6435112097553928
2.598793965742043
5.568289749065333
3.597276361581311
2.596838991916477
2.59637152707087
0.4931999332444441
5.752111197141655
5.562459528077294
1.4416800033991177
2.6126685865686183
4.7245053147005205
1.7422401374596437
0.5598037149066079
2.68797790168287
2.5998643626593085
0.46350448682117174
2.6376372978208744
2.6372795560117366
4.6793150492225015
2.6595182630342853
2.6070193968630484
1.7201403050238278
5.6444500875948735
2.5729403717723445
0.5418799584495794
4.689668874034622
4.756843773952074
2.610767657246618
4.701501669822753
4.737466164353161
4.666658845670973
4.774279576930441
4.639358786164675
4.691487306175938
0.5095222484220273
2.651583390123864
4.757508401272992
5.909138172561548
4.658946027410434
4.6065832078827205
4.739227808173548
0.5327050249877818
0.5655630548914505
4.768711869621019
5.766627235310064
2.560046608090025
4.744557831203645
1.5830183462862852
0.4633274636555058
3.904844389348117
1.7257920122748138
2.601787053416532
2.5750777579572226
2.576572655531167
4.643327871021228
2.6740607392512175
2.604749861248878
0.5438404364184544
0.496982145630607
0.5843417289174629
5.922006233919568
0.5833499569439723
1.6242592151150415
0.473055758984543
0.6061733345078059
4.731286521426817
0.5175244098240154
6.003825126176167
4.730542775476499
4.731260577982347
2.671891454234036
4.697081517729758
0.5281048591791004
2.689146401220031
4.779611997827219
0.5882334635732368
2.2386374557047626
4.696756980459833
3.0110881113989008
0.5110774820361396
2.557011066717045
0.4470565450972812
2.627027060149126
2.142788244104421
0.5187831288242537
2.618207584888846
5.074752208905044
0.5126940749458389
0.477647594406415
4.710574061648309
4.76453816492592
2.6634054686944357
0.5086174830430257
4.724469246517529
2.6896518334870896
0.5106654012264202
0.8648897563554434
2.5380128205864305
0.5685920712668537
0.5439410189137068
0.4903696029430665
0.9477284169739324
0.07139032577068123
0.9107350103081912
4.718072805576784
2.255709948273598
2.997867862673329
0.5836907483506184
2.6547793195415146
2.628796437462457
0.9378796897810345
0.515233590502671
1.0317117428856701
0.4326794095677727
0.5504536953695218
3.7247535972063743
2.657215673320103
0.47186212993748095
2.5542396601721444
4.6960774129342155
4.810565590452813
4.684264369875144
2.641387918251611
4.728839712410793
2.6729182407598215
0.9208695143230522
2.6424849961232817
4.762123167413295
4.350598089076392
0.5573550260719119
0.5682743602702977
4.689593294298145
2.520804733300502
2.2646024468967783
0.5272677514090415
2.6735485181619434
4.676549689771674
2.67640374213998
4.6821673981751415
4.7465464885580415
0.5113079319401843
2.585605569414338
4.707174484752068
4.404685435634776
0.5535633896012027
2.2089799024081835
0.5912751289144514
4.765027203034805
4.754452225241247
4.729339644561443
2.2833483718182817
4.8395628777240685
4.38677355464551
4.717953708284356
0.5696912079219789
0.47662572940551856
4.744162831792722
0.49788224394879715
2.5538673630436963
0.15016543910552624
0.48456759406163585
4.80119631748445
2.6599973260038636
0.5489705426600997
0.6188394776262798
2.5816673343818897
2.6208300850161583
2.5131245966419935
0.13232634725799391
2.27177035075006
0.4402211379685369
4.717999738956467
2.5929929602939814
4.741162172949809
0.41574944230788646
0.5061996629825323
2.5214738542546455
4.752144355816512
4.709996354772236
2.6220197084702725
0.47552016007702685
2.585710886714549
2.631997182054817
4.7512962769544655
0.8311046857807962
4.643545147349821
2.6357080122258467
4.700750520776675
4.973466810189011
1.0622974431385572
4.752178176574667
4.326796950093219
2.6709329275837015
0.528258718205645
0.1024491988226722
4.7899695273545175
2.607265752809218
4.612557790470031
2.6399653981506765
2.5823011982147417
2.6137564977896215
2.6203487389883096
2.2137488707189465
0.5405443076024466
0.5829867707853685
2.619456536338118
2.6564512063878842
0.9625067276326964
0.5269634675591592
2.539512311187065
4.740793951307441
2.6665812148078234
0.5003498184433062
4.718487939635973
0.5179516292922246
4.711409905050366
2.0865228161637037
0.456774410138529
4.7044741216661405
4.747984101762311
0.43825274409403936
5.1201274955285765
5.01354567716463
4.743903401726043
4.726851557244358
0.1879147123970311
4.371156487739029
4.744052689140745
4.576458193675355
4.6925830559343
0.5315409348940549
0.5427843356427718
4.783000475545286
4.697142859342625
5.059160350527306
0.4528079850189176
0.5573614038658157
4.737710374710686
2.617320542583498
4.766319317648176
2.598176238653608
2.6113252642008353
2.3096887047417334
2.963010539778302
4.658062126618504
4.5757810677210395
2.6231744682629268
2.634618112683479
2.609755751432765
2.6199951187983745
4.70280903506716
2.5994645979685203
4.7352910883452966
2.629142595138687
2.610891975471386
0.461802689071767
2.690565830478835
2.6002821144413004
4.840890043947588
4.7001730592036095
2.7123935000009536
4.655975206912655
2.5998134971341873
0.4396756129773671
4.329124443918823
4.606549232072013
2.566788027786818
2.558804797755956
2.657165829957391
0.5535131684407273
3.037767194779538
5.173850481254686
4.784312108964808
4.7083728378243075
0.5501444807079945
2.6053097670905223
2.7234145530290585
3.030699960800123
2.650826626015262
4.673061267804968
0.5524024040573627
0.5510334041415601
0.05182929996037427
2.6136184869743957
2.592897989573439
4.7293767499853825
2.2626301485614766
0.5107866753517765
0.5178529582637728
2.9677836643292683
0.17669567372909029
4.854545783413727
0.9029143327260701
2.694644343563768
5.146663529792306
0.5585596257536054
0.4544349284698368
0.5055929303876583
2.4596014832002786
2.3429196649651223
0.0939716618478832
4.714115630494653
4.686531703453636
2.604617182204501
4.847279319307665
0.009071504801880403
0.5661844202608308
4.719253793673885
2.1916551091629994
2.5559608915502725
1.0460374567866213
0.4863178930070936
4.705127545483789
4.7131943980554665
0.4798246229036702
0.42119883984731615
5.11645707104386
0.5233100484115806
5.052439330082219
3.100931233599041
0.5370882690029185
0.4757460966318505
0.49309322198884387
0.5003785578271133
0.6025428781099577
0.42749618104230225
2.649731341507547
0.522671328569652
0.5542478544300561
2.5755306272315295
4.76192710119288
4.260127848900358
4.30182575243128
4.7927940855694064
0.551898921401353
4.7496054028993315
2.6109917512596756
5.093726846681121
2.2591154346806843
0.4957073700221498
2.590224512344486
4.751216899354108
0.8900975997021918
0.45008647521231
0.2245656038593643
2.6032552221233614
2.5976199398593187
4.710182782962646
5.1118106284604785
4.656672012218054
2.22529627491034
4.76257215954166
2.670223854569248
4.716723628069518
0.8889805554931512
4.633948553806915
2.1772316592051717
0.6317340475974726
4.82177394754299
4.564877400231664
0.6069446942052026
2.6501795395732564
0.46369508370879214
0.5925336715805906
2.700075461022244
4.271151081257974
2.624767308401727
0.48453263391059487
4.648600949531471
5.032755757374818
2.665973334002716
4.259977526020463
4.625082751533209
2.11577465383713
2.598323654276736
4.726251691442082
4.802035591385024
2.9667506251594493
0.538595248603075
4.765194426835784
0.5933425612878914
2.552775352969098
2.6072810392068413
4.696055827107228
0.5854457580776641
4.651282526767218
0.5483839329192447
4.730258889260176
4.676297746046398
4.656771946104578
0.5626725462224648
2.243380925089944
2.2225793839323886
4.404002065908844
2.2015854005367275
0.42531909776618576
5.097307781194206
4.688688166176971
0.5500153379676048
2.607966037775712
2.5820398788632106
4.774464999398806
2.7003387826531187
4.6980171482930455
4.733425247571684
0.07360153427422753
4.640754468846947
0.44750961855705806
3.0083673595896454
0.5361994590446844
2.642021592006084
0.811146325169876
2.5899940948418956
2.578084350939924
0.44499648530867997
0.5380312906794026
0.5170831988339348
2.683759688480473
2.5706993608069024
2.2591498861426396
0.5127201100614055
0.46005371013582763
0.21619862318137387
2.6192126991221305
2.619580610703968
0.5106134855314366
0.08710758647757913
4.733072748583352
5.715463933848934
3.9492035488799404
4.845277456660564
1.7245987294510463
0.7305542087588044
0.17737078801302913
4.352811926333863
4.987134020588979
5.421805183460826
4.0095073911223515
1.9228180823458896
3.8664921590010395
4.005226216959244
2.4301192562511846
4.080912331508374
2.4626428670263265
4.763604915186255
3.2580802198559424
4.1700963135417695
4.523427187600918
1.8310683016296965
1.1899161365525697
4.638758024348767
3.30022404337928
0.25794980479136886
4.195286713929532
2.6359006427540956
6.119176496862231
2.4233669253906247
1.081687267019994
4.4684107315899055
3.9428232342412217
3.9283601619609367
2.500110407874068
4.606957899375423
4.995707583488327
2.2127689843616025
3.4647782152310866
1.051978838802304
0.58435691853818
1.4914321378325464
1.0536738432419288
0.801767244998294
5.039340145980441
6.156186730944961
2.3780524942400856
6.202221775916721
0.3854403206028192
5.227371302788153
5.054150771379634
3.460511710511051
4.502099996276464
0.4552026097938473
2.936446976164131
4.636239419452331
0.26429274847160056
0.7864774877801283
2.972806532242398
2.1695616914633695
4.615239567686034
3.4883093117801214
2.8598846880042577
0.22711072265637589
0.39560156545328046
3.1989127697383104
5.28157970017016
0.8561879231331517
4.611770115352973
0.7621069829874328
4.234086735478385
5.43751955400339
3.440151413578138
2.5798471763792308
1.7390030649927215
2.4248822939854486
2.7233998356199907
2.729173954933128
0.28607238005861646
2.953061678820921
4.881477991967235
1.8337658125745386
0.2938118205828203
2.1576259122148707
2.0225241448768885
2.9218343386390613
2.3251689070307746
1.8034768925141813
4.5144462409939505
2.8708124057672153
2.280451144406155
2.033872946106522
5.532349795672313
0.10748879087990766
5.606605984117883
3.476051596228223
3.8762697012453966
2.385708381125227
0.41421324505899665
2.1896178337996464
0.12023239691381957
3.7964197923914957
5.1719369824738015
3.242857381255953
3.4117335211018527
1.231005203510671
6.090081403633696
1.650713738134819
5.111100252712112
1.859685572968999
4.741328619802563
0.040431850953635266
0.21126857004878044
3.564847023266425
1.902142595902332
2.822016943637563
4.61337078789414
3.019534715923849
3.3100236833775116
6.209374094503831
2.5686534139073096
0.528452218588786
5.475879746724068
3.0593936233961685
5.919491574598774
4.492301765643277
1.6953440975528635
5.746600575034394
4.4744410078101176
1.8163575042067543
1.5167959727475726
3.8909816665688393
3.7212697858052004
5.464987538533359
5.408605308016339
0.5551436180123569
0.4565762036336081
3.856494502808647
4.4020321038393355
2.4399395910720374
0.6886694319620821
0.6778300576882836
3.9269276480633377
3.827466851981297
0.1785458378994059
1.2591406275064283
0.2879902310505016
2.7376805073843915
3.905947064914423
2.9451799910572323
4.092040040132904
4.2103429724190775
3.8511527739071405
4.394819892273965
0.7825480132701638
1.8364575716203173
3.3659315072111093
5.9662272555379205
5.17445713970517
4.646946530626064
5.096501049227645
1.3260580809152267
5.515964689563999
5.674566996321063
2.654303156026873
2.8887567687916937
2.127280693068726
4.067225064914086
0.82218607497851
4.678213013792687
1.8690403224501924
6.216634048656608
4.738360950915947
1.9634644138140198
5.82257539234933
2.4565693773565296
0.2749780853754663
5.1058043845305665
2.6703469422254225
4.784882827415003
5.117374571638373
1.207167546192796
0.726253410067929
1.1263982584331982
5.070559931721071
2.8272870087112922
0.3667657780536352
1.3167831402159371
4.33597906679064
5.1876322449879515
3.3665342690871842
6.155716060509484
4.852943910270375
0.58591835947551
5.667444285217974
2.4850834850091292
0.7138015207386994
3.866534831428873
2.9407529936049066
2.9864679225800694
3.0724890388711086
2.4865416461234924
1.2130514067035962
5.47427329877379
4.705280228935777
4.655276095553652
3.2197420912669483
3.5605319602503926
3.704344138259113
3.0409469978029
4.554824254649605
1.1684137000371386
6.210905719201992
0.2230693096823148
5.869854781549393
4.085629765628443
4.819575279376319
0.5315499665063693
3.8582527612972553
3.747424383395118
5.704149344304842
0.4215284062195452
4.013476209253974
5.740633917892748
0.9322301950622226
1.6781571245369518
2.3388912985288086
2.455102016810327
6.20378627585005
3.4285493854273623
2.847584366557385
0.9113812763974708
5.910810834012697
2.199996049690982
5.868473168654099
3.0354564972176195
4.6691354623340375
4.164975622837628
0.9048629797461925
1.5247449548070906
3.425766495121703
2.449300947781343
3.076113812750709
1.8828017102322385
1.6625332689612433
2.197620963675568
2.7053599807723314
5.264757346613464
2.266242085919918
4.579242213910534
0.22927962966815144
2.1199127630859675
0.5511920155806227
5.869335346708708
0.007290740530682714
0.27142052791107407
5.614076711109828
3.598165004154488
4.467941576958471
3.1267030332112737
5.5875803300232425
0.7442512061756128
4.868373221017976
5.005216531037084
4.306946442637437
6.108178045099852
4.4537267247531895
2.6470458347427703
4.3755530446392035
5.223978519014339
2.214849401526713
1.9791778298679004
1.7023340524658181
2.7548977449457497
1.1621890761615195
2.910123081894994
0.7424345789806128
1.9786818938801296
1.2846598675323895
0.10471320704095892
0.6355352112723881
1.3708983617887285
3.5003530330174866
0.9088373461149974
2.133677929791573
2.1990265400475004
2.400249679869041
6.096528521306774
3.7784303652943025
3.3155973029547368
1.1871449796564493
2.738681388732357
3.9686360646894525
0.6922924201149956
2.3792010899915033
1.1545288131410596
0.6483669588815252
1.1456078733112833
2.241789040780857
5.401223675323371
3.002969982464942
0.5720100563041157
6.022677895886011
2.6386372876914477
3.803763371862738
1.5672167311261036
5.767446235629766
3.9062660221638033
0.9090969619432013
3.877119346688235
5.895804356705451
3.2048672387251327
1.4634251544743322
3.552286566334555
6.063719303853187
4.033717092796101
0.5748261099959099
4.131198331831443
4.937772352475255
2.6309400151134366
0.42886723040044333
5.4599375887965484
1.6592684956992256
2.3102687646171343
1.378961615357521
2.8251418873786194
4.35061281937244
6.148839152704338
1.3549647951232884
5.798093449372418
3.972154126326769
3.6852207297735395
0.19270911065047913
0.6089784179833441
4.595871099137896
2.685583956976977
2.4688973377449352
5.5492565962125315
3.4230158125807884
2.1344199927028695
5.698943635075618
5.406409123364846
3.5392430281645306
5.754948663477132
5.3127386817356514
4.580304124295647
3.4713985461568737
5.716019168219939
3.4096104488204926
0.9824445017467911
1.1590309522104012
2.5128827273940564
6.145426718669051
4.482019834945992
2.483006654970347
2.42164386688659
4.201678512031764
2.8718674053936346
1.5944792434051223
5.569256570452938
6.047297622851891
5.0336980924762615
1.0004771293052075
1.500539638902087
4.773045116780956
5.518212729484388
0.9792466201620824
3.970675985442076
4.193936396469059
0.6355846138508181
0.12386214495309944
4.346967959804585
2.378979994289986
5.292820612156657
4.179738959869754
5.845090502443447
5.506238767727314
2.0132526546989387
2.851333426414146
1.4549361036080355
3.584385343290328
1.3264725207993584
5.152817722780629
1.4990418504550826
0.2545465412664079
2.5310249665705906
3.4582064888456836
2.234183541842966
6.1461962390745155
0.7788705517453767
0.201549080406831
6.280868032074459
2.384035056458297
2.264377235200364
5.065750160385101
1.326479596652656
5.200249276065639
2.12439909000592
3.5910881704662825
3.2139695017454537
0.28721108748624463
4.942988555018769
5.944774829581018
4.793035232854514
6.083505033295904
0.9072807343020834
3.89381608754098
5.9826986233659785
2.4922692724380973
2.374947963094504
3.958588532223036
1.8194136689438398
0.9337754841326512
2.793113055926718
5.468765750797064
1.8461277798187798
1.7924559331981804
3.455306590767801
2.993066505459371
2.565683587068243
0.6434223992149113
1.2060848930105341
5.132064190519256
4.613761449529105
3.04704042498595
0.3864139025824226
1.8678818066409426
2.1114301084097113
2.155939264286595
5.2045261571103865
5.589509306376735
3.9935390386154173
1.2462995030119943
1.9505223710690016
0.1514570518723193
3.516724174120604
1.4450226252708143
3.477612963817126
3.2683037799949273
3.81199468931581
0.7521698643949046
0.6470504849884287
6.106128678821122
0.2218535026995326
4.3065090897749725
5.115377753998294
3.505783980755531
5.669659378663692
4.633966608196628
1.530283030248984
2.2463164719138575
1.641305693612161
3.341170804755762
2.6243826522816827
5.948646468768402
1.2271966710160591
1.6806632609215073
5.458775285822393
5.848240415919519
1.168838438451742
4.045781577479031
5.601553591494626
4.614607105688189
1.8086117369985673
5.019932637867997
4.775868169540896
4.314899221151473
2.260682100644871
5.714080681878746
6.085784183249106
4.605017294152706
1.5946209831203046
2.574153957039853
3.8063241990823977
3.570722373017009
0.27103642535967654
2.9225969640378544
3.540635624286097
4.625586323343816
1.4911703003983376
1.1002327361985538
0.7042188794114739
1.7966712137865195
2.90744690965844
4.852679946214326
3.6192756888865407
1.8233353230709437
2.0708968582460523
1.954913517737802
5.618689050991386
0.4044645599539394
4.971690195141426
2.6318976030044765
5.21378792236599
5.154835605588795
5.049029768618658
2.116453098513949
5.4153531758403695
3.5582069169514035
2.9229176636968286
2.5040258090385725
5.473849191739085
5.040751280389649
1.5452736474047497
0.41909787191882436
0.5669298384595827
1.5834325314671807
2.6438994517597143
2.557000822527306
2.5973026884529453
2.6228168381016634
2.6106535684623657
5.647274834424986
4.663327596436426
1.622177708103731
2.5367026091335356
2.576850957899625
3.6929655158006938
0.5462418950427554
0.532564987415426
3.6405518001598223
4.616063084897969
4.698002256401542
