2.2970306103477816
2.9620669268846784
0.19115462556451168
4.296942257546021
0.8989305196455833
2.2915164106594474
2.292133774137859
2.979445207897063
0.9037658777732079
4.698677057754918
1.0409733143863866
0.9001991387521954
4.2119749281239915
0.19827838572694115
2.1716370438910526
0.9434335667123718
2.63490861950434
0.12187760203123098
2.2733631535272116
0.5263568924247789
0.1278125453081644
5.181555842786763
5.194953531477393
5.123490939307073
3.0171853050735735
0.8936073536726614
5.165060078686175
2.209104924694685
5.145211557198429
2.132153750028204
2.933861002644327
0.42256486034737284
4.3162395099970885
2.9517949726190102
2.96577834204659
2.042600250599336
0.13392180068550893
0.9385937053079892
5.21713552690827
5.11202104352327
0.12838335141561186
0.1561240019624927
4.488300670918846
2.2152602238452888
4.344541024300946
2.9547277811627723
0.8262722562824185
4.350825451542165
2.2126242951467487
3.056334245652148
2.2131680692102966
5.053140899512679
4.338579438367138
3.05220440998269
2.2188030514572237
0.13090020265070865
0.967985460228838
3.0987992836600706
3.023625829882079
4.691887616938184
4.355094400022879
0.5146662178675641
3.0481666817612365
3.0331659679505663
4.772796390942862
2.9641791283297456
2.6394114411970415
0.08689498994881487
0.9389784123924881
0.8393052587908242
5.040833587123872
5.121929636753773
4.349939112376246
4.385952775535432
2.9187693994242405
5.030519228991034
0.04879923178293749
2.570533215192184
0.8304886799864293
4.330109633948282
2.2576370115481663
4.3614016261212845
5.067835018153586
5.114831141256718
5.028624211085704
3.0257111796260725
4.671022368861386
5.025614412408032
0.9022545907497592
4.31264982209421
2.257646553160395
0.8776762103088643
0.1729369654698115
2.3446744255319936
5.115777287211762
2.2261880761318937
2.9592855906717275
0.9305927269833278
0.8552803786944373
0.6089813465211774
0.12775074412139295
4.697902579424202
0.8848419030960872
5.105748768923207
1.9077444759891693
0.8705226566615726
2.235863294600569
5.090057858380126
2.9883039718344935
4.629020971365283
3.032377865630527
5.029189700365509
5.0574749541925845
5.1487760711953126
2.238093806296294
0.5385845542698393
0.5854752701914568
0.9038838809506532
2.2987675596417314
3.0371015458304527
0.9080491822362352
5.08817301520871
3.017574556598575
3.049792898183348
2.146152963387844
2.259424952759987
0.15287224592467974
0.9577090817594365
2.0631414616459773
4.651075631187828
2.263686799533752
5.119794488883862
2.9879790629804455
4.255637171950951
4.299135962410175
0.9262701704912777
0.5276263564021267
5.097300596966774
3.0365291687621325
0.8363402539988113
4.305845093270558
2.9144884415921486
0.9820758917697662
0.5600891517212199
5.066199376050855
3.124604352259648
0.03318058706127768
2.2284342357089244
0.20381531614532292
0.8338061047566737
0.13821277928998985
2.621945686955428
2.245710775419192
0.9449133491657163
3.012125148875006
4.473211526412906
2.6340064671821244
0.9170556457246367
3.053762045858678
4.4364883358071285
2.273756930368332
4.31112597629368
5.111785280799681
2.9917012153928924
3.0260136244795337
0.8800360457628328
5.104046008295695
2.2192049210781906
5.1038433207202925
5.0550169063547
0.10336157374152126
0.8505070087761477
0.8032546517387972
0.9392165207410458
4.330479919887211
0.6024589526719502
0.968390759547674
4.285413268974103
0.41519837871692766
0.8842250608826312
0.23182202040122046
4.665305255603471
3.014069010925167
0.9513502079776882
0.2853354600774231
2.229969152782415
4.367673853706496
4.713963014595874
2.9668939234959737
5.074912725032235
0.1664515229112849
0.8713756263866164
0.9175408275165711
0.1890972910313597
0.8747635787014398
2.954273885954934
0.17415086093484186
5.260654623509931
5.126120303867085
2.200305467469258
3.0111106173485704
2.970688823544967
5.004204819049276
2.954170209642252
0.529039123842416
2.139157291255962
0.9224023755408162
5.032415397311152
0.5303309850399659
0.16087820955832446
5.183672946339151
2.2594746564970047
5.0718788724415935
4.668218710360188
5.085144959773263
0.15429952020827653
0.9523952130031907
0.8264786043702972
0.8970556608109251
0.1299714782418045
0.9007953139348958
0.9299065489397087
2.6629534874602947
2.948646957942032
2.315899859272546
2.961224575879426
0.2280482815448726
2.990687289263378
0.4745714359185463
2.613239415326927
5.143653593494286
0.9112422317998149
4.253408934094536
4.369713194998357
0.8096699892288143
2.673264386694644
0.14600766821292585
0.8335829889050074
4.288236791256741
2.6111835654479987
2.295032291198884
2.1914730929864055
2.2887199164259533
2.3958090398448557
4.355145490327374
4.309793016549534
4.389219020129707
2.6556216095061598
4.178487669867242
2.1837658973251006
2.5428845074602355
5.236044395905078
2.240615161603313
2.699319883931187
0.9627414508388212
2.152648733420219
2.974793335701015
4.2894340959748885
0.9432199926880485
0.15214921564522102
4.301282864906864
3.0106556739996506
0.949045807319159
5.096218268975387
2.224578288800603
0.15713857491720734
2.301002361443292
0.5241048897785782
4.436746447468393
0.8229134710764727
5.098552496566868
0.19302124863670622
0.9273415979563258
2.8381810333454873
4.430147421057605
0.9327383546482721
2.2728647135820257
4.249081884180178
0.9992851142812077
0.03765049827861687
4.968082180268553
2.2643941236472394
5.098297548809722
2.2922833125574282
2.2119905400774345
4.267557094905698
5.141265145831764
4.250419619123167
4.734596614445231
4.402432343036136
0.15732503242809864
0.8297094396284029
0.07325715436934749
4.389743390278596
0.8869562896336183
5.096830515854347
5.029272935795991
5.086333016522007
0.139679684572512
4.34862117586688
5.132171949343343
4.343197723374863
4.781669032889954
2.957469763124023
0.2875835347704762
2.2801867307874972
5.165037128250126
2.148500426655291
4.3449606025122
2.909766142027356
4.8167438730432774
2.1625852026264125
2.1394426369642647
4.359109900601058
2.263580960951237
5.081454882218403
0.9560588141046863
4.23146042326214
2.1618869317989193
4.97465356467555
4.264363361156198
5.062913963210614
0.14430895725331894
0.9083795908371636
4.375719722180672
2.194060496146549
5.102157230374629
1.0052126088624997
3.0540196575197602
0.23069082686063597
4.349016079491631
4.30117027992276
5.08337880573996
0.16081520142998035
0.08951640218604276
5.101845401534028
2.5982582548492443
0.8084282343770857
1.0107018896614057
4.2015921101771285
0.13360396060944574
0.8480978998983245
0.12353135308516866
5.172238805271095
3.038551898520837
4.328347892345211
0.13804013002367455
0.2345055548249832
5.125247007908375
0.10859867206873472
5.104858843275167
4.370955828092425
4.987860200194893
2.9884074819175996
4.644803148803051
0.9189787332239459
4.392002252483743
4.695809474639265
4.370250817661087
0.951478399118437
5.248693570368059
3.9634175139953576
2.2243207441507926
1.6789182247144137
1.1898612475788652
5.485909191067718
1.6344965474698445
3.189985978232174
0.8240040126788727
3.787733695507906
2.9711243408946713
6.244082825529397
1.1495504270973365
4.750551224528921
4.5300746376892835
5.102970368008559
1.4464715640733612
1.8235400791500178
1.2225841833322184
3.2138640908852274
3.2744647956918382
4.3841096186939135
0.2507327088272692
1.770344640697395
3.9459384605059946
3.433813765988524
4.033103344586231
0.521996104788834
1.8762795113220478
1.3369260781452246
4.854478455232762
6.032140238664706
4.464261399821119
0.8616495926579558
2.05352139755344
5.528806228612755
0.5655049301792036
3.227600983904865
0.5023805638240922
4.287337579396449
3.867675875053955
2.6548727316727954
3.729782897703635
0.48853264972661953
5.856859167934929
0.6233717097435699
4.195031629677427
0.7451642934185689
6.025606438694459
0.5252958287602761
5.163749412955181
2.4159553378690886
5.373455203848558
4.0124480426879225
1.6552021785519346
5.438911667983734
3.1994833557572817
6.019071769664926
0.5962509416733617
3.499768691711959
5.961219423251261
3.5032953405109475
5.385266197583584
4.002518621196627
4.635195805303278
0.5024927274753871
4.3772999059970275
4.168125297691185
3.5743272084971154
4.747358942092679
0.3325544203629824
4.376538169393482
4.040487309030848
6.172792198916236
3.2670324700365114
4.217746696770943
1.7518528509806417
0.9893515234342184
5.572394753851864
5.529355580861264
2.4300681603323557
5.2283218910217
6.178509772429363
5.929449052026368
3.91752564996134
4.197442725542059
1.3477185538395322
6.217504220779459
1.9685408726409144
2.308954315673659
3.4561995133080066
5.372393937870532
4.156922687593452
6.27708351237762
3.0279560297992325
5.380070931701253
2.3051598948836616
0.47147429840637806
1.4271063090175224
1.8607698295329178
5.769971798141532
2.5177582468924924
3.854944227262689
2.9692966069893663
4.773584111609504
6.150282961525289
5.145195772151717
3.1792874657288293
6.114847596937922
0.7361503852607579
5.667983215659193
4.458392836800085
4.040413369348604
2.8446431256556486
4.260291486452453
1.8749477146542475
3.729249442067481
1.4034597124068922
5.349543776109629
0.8334091733616832
1.482900086914449
2.6620786963046466
6.126379699357954
2.774311984444267
4.743750266127484
2.4345627082910637
2.717757805995231
5.829951456545947
1.486705252137762
3.560225411224609
0.8520798869671884
1.7341072867344813
3.500623669363553
0.14371554628525468
5.60354732602444
0.18884759825310488
5.39941743195188
3.9734688533086318
5.017803648392427
2.521855741185373
3.8803779593180066
2.3341768295744676
3.237414014164096
2.6386717483033393
3.866028224864324
2.354583129511636
3.7263227313385454
5.685463957669767
6.115389288816964
3.73127084456959
1.319510959760552
1.4545173038778443
0.7015632360591765
3.9370805394993127
4.872623140111092
0.7350293129765422
5.86048208852166
1.790501856551388
3.3337964426861952
1.2552503693619377
0.902518794797095
0.5558194118085147
1.0817409803310831
5.0432985480215144
2.6581504453150853
1.9827434254820018
4.934210783235092
0.10622081369361625
0.5756927712566134
5.780480464599818
2.785995535928666
6.271349593457337
0.4529850982295204
3.521981252990074
0.5462171374131992
2.0251183376610884
6.101828699730095
5.857166677218126
0.6462434377435791
1.0759015783724148
4.663791822493031
0.9625474044381837
5.525384294066523
0.6914190371261706
3.7769990128472943
0.8542461797054333
6.036457944007845
5.920513387689208
0.843834900903205
6.076648071166725
0.5203359323820743
2.138289571891552
1.4885404956882025
1.6695260855620737
0.6073043449694527
3.4323802787172646
3.3459497816616284
5.475569274433257
5.8122744115051885
5.320096468680808
3.2911859587110803
1.1491873739476433
4.912703653328142
1.5269431746373503
3.3502182178313844
3.3300533547394062
2.7470266217959884
3.5651846824150315
4.517736921607648
0.9914132527058739
4.969426816722972
6.053721626513718
1.6230861784563384
3.573071548361028
5.311747489368792
3.9644923757726884
0.38363332773180575
3.873174821200497
0.3662281072417465
1.1052623381571114
0.2852906083996636
3.4829567154596375
2.352644250852887
1.8916538227003987
4.156715836226662
2.182908183172316
4.38845625388896
6.031208202970576
5.40537404610354
1.3208555575916674
1.1695719004052805
2.9085789639963604
4.75976968123864
0.23104205121919974
6.051769997847054
3.999461403676718
3.508966922138218
6.139349320122284
2.0658109202160144
0.8375318885387314
6.155708337894652
1.8169128606842126
4.9367606195198634
4.438615720741188
6.006998146762375
5.271656309628266
4.225981605543911
1.8135206049158634
1.9547690309770946
4.045416555738681
2.6496710237334984
6.198262352350043
0.8691662484499535
5.130475804080859
4.087126712123495
5.992994193148449
3.4344624773646024
5.560583070804677
4.94639743830032
4.468527658949988
5.236456151922287
5.329049036612895
4.65599631114133
0.9043857638269155
0.6711462021301372
1.3406358039350326
4.400464581684262
0.21233859503315822
0.37406377809246166
1.9672952072617844
5.151512392325334
2.266436069642134
5.00420633710627
4.996579215477489
4.456815525690664
1.1281957980996389
6.127606357315276
5.262285250155937
5.427385279080835
3.9754682048551224
5.915065324890047
5.444714181787214
0.3247565374410769
0.2831394729186163
3.9576717695262467
4.650946279217638
1.8310857541802832
0.8292853436858786
1.8823731820667853
2.214333807188015
5.495889065176458
3.2152491513315797
2.17952566696456
4.466655770346272
3.2940540748495497
3.4799399855510456
2.7241189911087935
1.7500934036499374
5.923649896966853
5.198320932987306
3.651581071082469
5.990908882590258
0.7307497641197988
2.9612551368513884
3.784243460866682
1.4258344730274657
2.320585939096545
1.0181723423003597
0.562793633246213
0.7855310985789999
2.6026000649594767
0.3457419364150039
3.127527210261392
6.1572983809759485
0.07673954602258669
6.265085127305598
3.839882039625715
2.7596058877453964
5.867033646908102
0.7259545979604499
5.673839824866738
0.35254533035626967
1.387436868731194
2.7395765236813294
3.497581517187783
5.146002364855907
0.26940191980172634
2.9967632552339554
5.512547931959815
5.826280201481807
5.1725443627115615
5.073696010333275
3.4504918171074466
2.2381706860306676
1.4032915828568437
3.6684016555444887
3.7662596227058085
6.005970590001957
5.264311110257341
6.066059909808324
2.8502993723533185
3.9966922537828355
4.868459024897979
2.4071768181327067
3.8660744634196567
0.9118812711191058
5.337636600957241
3.6047883699012537
2.484946673564165
0.25295270455624197
3.394735473079599
0.14008836808117692
2.3971045426353124
5.881949016432334
2.2188052335180224
2.560056229337912
1.6684606887757814
4.91958550701993
1.1934249322018566
5.745235693434065
